seager
Random
randomTree3
Capture Times: [1.0, 2.0, 2.0]
Run Times: [1.9941329956054688e-05, 0.0, 0.0]
randomTree4
Capture Times: [1.0, 1.0, 1.0, 1.0]
Run Times: [0.0, 2.0036697387695314e-05, 0.0, 0.0]
randomTree5
Capture Times: [1.0, 2.0, 1.0, 2.0, 2.0]
Run Times: [0.0, 2.002716064453125e-05, 0.0, 4.0178298950195315e-05, 0.0]
randomTree6
Capture Times: [1.0, 1.0, 4.2, 5.32, 3.52, 4.04]
Run Times: [0.0, 0.0, 4.034996032714844e-05, 3.964424133300781e-05, 3.999710083007812e-05, 1.999855041503906e-05]
randomTree7
Capture Times: [1.0, 2.0, 5.88, 7.36, 7.44, 4.4, 6.84]
Run Times: [0.0, 2.036094665527344e-05, 3.998756408691406e-05, 3.998756408691406e-05, 8.054733276367187e-05, 4.0216445922851564e-05, 5.9995651245117184e-05]
randomTree8
Capture Times: [1.0, 5.6, 3.64, 5.52, 1.0, 1.0, 4.8, 2.0]
Run Times: [2.0017623901367186e-05, 6.0510635375976565e-05, 4.1513442993164064e-05, 4.0149688720703126e-05, 0.0, 0.0, 1.9989013671875e-05, 6.017684936523437e-06]
randomTree9
Capture Times: [1.0, 1.0, 2.0, 4.56, 1.0, 5.28, 2.68, 2.0, 3.0]
Run Times: [1.5697479248046876e-05, 0.0, 1.990318298339844e-05, 2.0017623901367186e-05, 2.0017623901367186e-05, 4.297256469726563e-05, 1.9969940185546876e-05, 0.0, 4.001617431640625e-05]
randomTree10
Capture Times: [1.0, 2.0, 2.84, 1.0, 1.0, 5.52, 6.28, 2.0, 2.88, 6.2]
Run Times: [0.0, 2.0017623901367186e-05, 2.3365020751953127e-06, 4.0559768676757814e-05, 0.0, 1.9989013671875e-05, 4.009246826171875e-05, 4.067420959472656e-05, 2.079010009765625e-05, 8.001327514648438e-05]
randomTree11
Capture Times: [1.0, 4.48, 3.32, 5.4, 3.8, 1.0, 5.2, 4.8, 1.0, 3.52, 3.68]
Run Times: [0.0, 8.137702941894531e-05, 4.002571105957031e-05, 3.999710083007812e-05, 4.000663757324219e-05, 0.0, 8.14056396484375e-05, 7.998466491699219e-05, 0.0, 4.031181335449219e-05, 1.9989013671875e-05]
randomTree12
Capture Times: [1.0, 11.48, 1.0, 4.36, 1.0, 10.64, 9.8, 5.0, 11.4, 11.88, 6.68, 10.24]
Run Times: [0.0, 0.00014141082763671875, 0.0, 5.9995651245117184e-05, 0.0, 0.00012080192565917969, 0.00014227867126464844, 2.0008087158203125e-05, 0.0001415443420410156, 0.0001413726806640625, 7.99560546875e-05, 0.00012553215026855468]
randomTree13
Capture Times: [1.0, 1.0, 9.48, 12.64, 11.92, 6.4, 11.6, 2.0, 8.28, 12.04, 11.08, 8.8, 12.56]
Run Times: [0.0, 2.0046234130859375e-05, 0.00010109901428222657, 0.00014081954956054687, 0.000163116455078125, 0.00010022163391113282, 0.00016072273254394531, 4.001617431640625e-05, 0.00010022163391113282, 0.00014060020446777344, 0.00018123626708984374, 0.00012041091918945313, 0.00018153190612792968]
randomTree14
Capture Times: [1.0, 3.92, 1.0, 1.0, 5.64, 2.88, 1.0, 5.16, 4.16, 3.04, 3.24, 1.0, 2.92, 1.0]
Run Times: [0.0, 5.9995651245117184e-05, 2.0008087158203125e-05, 0.0, 8.245468139648437e-05, 4.003524780273437e-05, 0.0, 0.00010079383850097656, 5.9957504272460935e-05, 3.998756408691406e-05, 6.290435791015624e-05, 1.8482208251953124e-05, 1.999855041503906e-05, 0.0]
randomTree15
Capture Times: [1.0, 1.0, 2.0, 2.0, 1.0, 2.0, 1.0, 2.0, 2.0, 1.0, 1.0, 2.0, 2.0, 1.0, 1.0]
Run Times: [1.999855041503906e-05, 0.0, 4.5003890991210935e-05, 3.8309097290039064e-05, 4.047393798828125e-05, 1.9807815551757812e-05, 2.0008087158203125e-05, 4.065513610839844e-05, 0.0, 0.0, 0.0, 1.999855041503906e-05, 0.0, 2.0771026611328126e-05, 0.0]
randomTree16
Capture Times: [1.0, 6.2, 6.64, 8.44, 2.0, 1.0, 4.52, 9.88, 4.92, 3.12, 1.0, 3.96, 2.0, 3.28, 4.08, 5.0]
Run Times: [1.9969940185546876e-05, 9.972572326660156e-05, 8.03089141845703e-05, 0.00012185096740722656, 1.9979476928710937e-05, 1.9969940185546876e-05, 7.999420166015625e-05, 8.241653442382813e-05, 8.066177368164062e-05, 5.86700439453125e-05, 1.9941329956054688e-05, 1.999855041503906e-05, 0.0, 8.07952880859375e-05, 7.996559143066406e-05, 8.142471313476562e-05]
randomTree17
Capture Times: [1.0, 2.0, 15.2, 14.92, 1.0, 8.08, 9.2, 13.52, 15.12, 16.16, 15.48, 10.88, 12.64, 4.4, 13.6, 1.0, 13.76]
Run Times: [0.0, 1.9979476928710937e-05, 0.00024096488952636718, 0.00022068023681640626, 2.0046234130859375e-05, 0.00011992454528808594, 0.00010265350341796875, 0.00022174835205078126, 0.00022225379943847657, 0.0002637004852294922, 0.00024139404296875, 0.0002013683319091797, 0.00018003463745117188, 8.032798767089844e-05, 0.0002199077606201172, 0.0, 0.000200347900390625]
randomTree18
Capture Times: [1.0, 4.96, 5.8, 1.0, 2.0, 5.44, 4.72, 1.0, 1.0, 8.96, 1.0, 2.36, 6.44, 1.0, 5.96, 5.08, 2.64, 9.24]
Run Times: [0.0, 0.00010054588317871094, 0.00014312744140625, 0.0, 2.00653076171875e-05, 7.993698120117187e-05, 4.410743713378906e-05, 1.995086669921875e-05, 2.06756591796875e-05, 0.0001625347137451172, 1.9979476928710937e-05, 1.9989013671875e-05, 0.0001438140869140625, 2.0008087158203125e-05, 0.00012351036071777343, 7.999420166015625e-05, 4.069328308105469e-05, 0.0001605224609375]
randomTree19
Capture Times: [1.0, 14.8, 2.0, 12.08, 12.68, 17.84, 12.4, 7.8, 15.2, 13.08, 15.08, 1.0, 14.56, 17.52, 14.6, 13.84, 2.0, 14.92, 15.48]
Run Times: [4.0197372436523436e-05, 0.00026350975036621094, 1.9989013671875e-05, 0.0001807880401611328, 0.0002606487274169922, 0.0002610588073730469, 0.00020234107971191405, 0.00016154289245605467, 0.00024381637573242187, 0.000181732177734375, 0.00024214744567871093, 4.004478454589844e-05, 0.00024140357971191406, 0.00026162147521972655, 0.0002196216583251953, 0.0002409839630126953, 1.99127197265625e-05, 0.0002648162841796875, 0.00026220321655273437]
randomTree20
Capture Times: [1.0, 5.52, 1.0, 1.0, 10.92, 7.08, 7.08, 7.08, 1.0, 1.0, 5.0, 12.28, 7.0, 11.36, 6.64, 2.0, 4.24, 2.88, 1.0, 5.48]
Run Times: [0.0, 0.0001224517822265625, 1.9989013671875e-05, 4.000663757324219e-05, 0.00020075798034667968, 0.00012135505676269531, 0.00014024734497070313, 0.00014101028442382814, 0.0, 2.002716064453125e-05, 9.9945068359375e-05, 0.00021916389465332031, 0.00011987686157226563, 0.00020170211791992188, 0.00015854835510253906, 1.9969940185546876e-05, 8.143424987792969e-05, 1.999855041503906e-05, 0.0, 0.00010000228881835937]
randomTree21
Capture Times: [1.0, 2.8, 5.92, 1.0, 1.0, 2.0, 2.0, 1.0, 2.0, 1.0, 2.0, 2.0, 2.0, 5.08, 1.0, 1.0, 3.04, 4.8, 2.68, 3.8, 1.0]
Run Times: [2.0008087158203125e-05, 6.064414978027344e-05, 0.00010000228881835937, 4.062652587890625e-05, 3.2520294189453126e-06, 4.0493011474609376e-05, 6.035804748535156e-05, 2.0017623901367186e-05, 8.141517639160157e-05, 2.0008087158203125e-05, 3.997802734375e-05, 6.369590759277344e-05, 3.775596618652344e-05, 8.002281188964843e-05, 0.0, 2.2983551025390626e-06, 5.9652328491210935e-05, 0.00010284423828125, 7.993698120117187e-05, 6.0567855834960936e-05, 2.2602081298828126e-06]
randomTree22
Capture Times: [1.0, 1.0, 1.0, 1.0, 1.0, 13.32, 2.0, 7.92, 13.4, 12.2, 9.76, 2.0, 13.12, 15.0, 1.0, 12.52, 2.0, 2.0, 2.0, 1.0, 1.0, 7.88]
Run Times: [0.0, 3.998756408691406e-05, 0.0, 5.913734436035156e-05, 0.0, 0.0002600955963134766, 4.2781829833984374e-05, 0.00016134262084960938, 0.0002057361602783203, 0.00023969650268554688, 0.0001810455322265625, 7.991790771484375e-05, 0.00022359848022460938, 0.0002812957763671875, 1.9989013671875e-05, 0.0002412891387939453, 6.138801574707032e-05, 1.9989013671875e-05, 1.9960403442382812e-05, 4.0578842163085935e-05, 0.0, 0.00016060829162597656]
randomTree23
Capture Times: [1.0, 19.92, 3.84, 18.2, 14.72, 11.52, 15.8, 14.16, 19.36, 5.48, 1.0, 12.64, 16.96, 1.0, 17.36, 9.32, 2.0, 19.04, 15.48, 6.88, 18.8, 16.4, 6.64]
Run Times: [2.0036697387695314e-05, 0.00034514427185058596, 6.046295166015625e-05, 0.00030470848083496093, 0.0002569389343261719, 0.00022492408752441406, 0.00030117034912109376, 0.00028047561645507815, 0.00036163330078125, 7.993698120117187e-05, 0.0, 0.00024347305297851564, 0.00030327796936035155, 4.065513610839844e-05, 0.00036182403564453123, 0.00014319419860839844, 0.0, 0.00036458015441894533, 0.00029821395874023436, 0.0001249408721923828, 0.00038659095764160157, 0.00030144691467285154, 0.00014139175415039062]
randomTree24
Capture Times: [1.0, 5.88, 24.64, 22.72, 1.0, 13.08, 14.44, 11.56, 20.6, 22.08, 1.0, 19.32, 20.2, 16.44, 10.2, 20.88, 12.52, 23.0, 21.36, 15.76, 10.24, 16.36, 16.28, 15.4]
Run Times: [1.9865036010742186e-05, 0.00012135505676269531, 0.0005243301391601562, 0.0005057525634765625, 2.0017623901367186e-05, 0.0002447319030761719, 0.0003013038635253906, 0.00018136024475097655, 0.00041997909545898437, 0.00046308517456054686, 1.9664764404296876e-05, 0.0003830528259277344, 0.00044698715209960936, 0.00032090187072753907, 0.00022108078002929687, 0.00042270660400390626, 0.00030106544494628906, 0.0004830455780029297, 0.0004442310333251953, 0.0003439807891845703, 0.00022478103637695311, 0.00031928062438964846, 0.0003017330169677734, 0.0003615570068359375]
randomTree25
Capture Times: [1.0, 1.0, 2.0, 2.64, 17.12, 15.2, 14.96, 1.0, 8.88, 3.92, 18.24, 14.64, 14.12, 4.76, 20.24, 23.68, 22.08, 1.0, 13.24, 2.0, 2.0, 3.12, 22.96, 22.52, 9.92]
Run Times: [1.9969940185546876e-05, 0.0, 8.036613464355468e-05, 2.0074844360351563e-05, 0.00040085792541503905, 0.00032100677490234377, 0.0003017330169677734, 2.079010009765625e-05, 0.00024139404296875, 8.057594299316406e-05, 0.0004240894317626953, 0.00032052040100097654, 0.00036115646362304686, 8.032798767089844e-05, 0.0004654407501220703, 0.0005230045318603515, 0.0005053138732910156, 0.0, 0.0003239631652832031, 6.002426147460937e-05, 5.997657775878906e-05, 8.375167846679687e-05, 0.0005413818359375, 0.0005078506469726562, 0.00024065017700195313]
randomTree26
Capture Times: [1.0, 7.52, 18.24, 23.28, 20.84, 15.8, 22.88, 22.84, 12.84, 14.2, 10.76, 17.04, 22.44, 17.96, 22.16, 24.68, 16.92, 1.0, 18.28, 8.32, 21.0, 12.44, 23.32, 21.08, 19.24, 24.84]
Run Times: [0.0, 0.00019865036010742189, 0.00040262222290039063, 0.000526437759399414, 0.0004631614685058594, 0.00032265663146972655, 0.0005048561096191406, 0.00048663139343261717, 0.0003013801574707031, 0.0003029632568359375, 0.00024133682250976563, 0.00034520149230957034, 0.0004928302764892578, 0.00038377761840820314, 0.0005219841003417969, 0.0005506229400634766, 0.00038072586059570315, 1.9969940185546876e-05, 0.00042263984680175783, 0.00018103599548339845, 0.00044575691223144534, 0.0002839088439941406, 0.0004247283935546875, 0.0003439998626708984, 0.0004421138763427734, 0.0005216026306152344]
randomTree27
Capture Times: [1.0, 19.16, 18.48, 14.8, 2.0, 1.0, 9.84, 5.2, 19.68, 1.0, 5.16, 18.4, 4.28, 1.0, 1.0, 2.8, 6.48, 14.48, 1.0, 3.0, 18.2, 4.0, 17.76, 1.0, 18.6, 15.84, 2.0]
Run Times: [6.146430969238282e-05, 0.00048189163208007814, 0.0004252338409423828, 0.00038511276245117187, 4.031181335449219e-05, 4.001617431640625e-05, 0.00024068832397460937, 6.072998046875e-05, 0.0004667854309082031, 0.0, 0.00014112472534179687, 0.0004696846008300781, 5.9938430786132814e-05, 4.000663757324219e-05, 4.063606262207031e-05, 6.074905395507813e-05, 0.0001628875732421875, 0.0004227161407470703, 4.000663757324219e-05, 8.066177368164062e-05, 0.00046255111694335936, 0.00012134552001953125, 0.0004442310333251953, 1.9807815551757812e-05, 0.0004872989654541016, 0.00034288406372070314, 3.999710083007812e-05]
randomTree28
