tLeft
<function TargetMovement.tRandom at 0x00000253547742C0>
randomTree3
Capture Times: [1.0, 1.0, 1.0]
Run Times: [1.999855041503906e-05, 0.0, 0.0]
randomTree4
Capture Times: [1.0, 1.0, 1.0, 1.0]
Run Times: [0.0, 0.0, 1.3666152954101563e-05, 0.0]
randomTree5
Capture Times: [1.0, 1.0, 1.0, 1.0, 1.0]
Run Times: [0.0, 4.0493011474609376e-05, 0.0, 1.999855041503906e-05, 0.0]
randomTree6
Capture Times: [1.0, 1.0, 1.0, 1.0, 1.0, 1.0]
Run Times: [0.0, 1.999855041503906e-05, 1.999855041503906e-05, 0.0, 0.0, 0.0]
randomTree7
Capture Times: [1.0, 1.0, 1.0, 1.0, 1.0, 1.0, 1.0]
Run Times: [0.0, 0.0, 0.0, 4.060745239257812e-05, 0.0, 1.999855041503906e-05, 0.0]
randomTree8
Capture Times: [1.0, 1.0, 1.0, 1.0, 1.0, 1.0, 1.0, 1.0]
Run Times: [0.0, 1.999855041503906e-05, 0.0, 2.0599365234375e-05, 0.0, 0.0, 2.0599365234375e-05, 1.999855041503906e-05]
randomTree9
Capture Times: [1.0, 1.0, 1.0, 1.0, 1.0, 1.0, 1.0, 1.0, 1.0]
Run Times: [0.0, 1.999855041503906e-05, 2.0008087158203125e-05, 0.0, 0.0, 0.0, 1.999855041503906e-05, 0.0, 0.0]
randomTree10
Capture Times: [1.0, 1.0, 1.0, 1.0, 1.0, 1.0, 1.0, 1.0, 1.0, 1.0]
Run Times: [4.0493011474609376e-05, 0.0, 1.9989013671875e-05, 0.0, 1.9989013671875e-05, 2.0017623901367186e-05, 0.0, 0.0, 1.9989013671875e-05, 4.0502548217773436e-05]
randomTree11
Capture Times: [1.0, 1.0, 1.0, 1.0, 1.0, 1.0, 1.0, 1.0, 1.0, 1.0, 1.0]
Run Times: [0.0, 0.0, 4.0483474731445315e-05, 5.9986114501953124e-05, 0.0, 0.0, 1.999855041503906e-05, 4.0531158447265625e-05, 4.058837890625e-05, 1.999855041503906e-05, 4.0493011474609376e-05]
randomTree12
Capture Times: [1.0, 1.0, 1.0, 1.0, 1.0, 1.0, 1.0, 1.0, 1.0, 1.0, 1.0, 1.0]
Run Times: [2.0008087158203125e-05, 0.0, 2.0008087158203125e-05, 4.001617431640625e-05, 4.0540695190429686e-05, 0.0, 0.0, 0.0, 4.0493011474609376e-05, 0.0, 0.0, 0.0]
randomTree13
Capture Times: [1.0, 1.0, 1.0, 1.0, 1.0, 1.0, 1.0, 1.0, 1.0, 1.0, 1.0, 1.0, 1.0]
Run Times: [2.0589828491210937e-05, 0.0, 0.0, 0.0, 0.0, 1.9989013671875e-05, 4.059791564941406e-05, 0.0, 2.0008087158203125e-05, 0.0, 4.0493011474609376e-05, 0.0, 0.0]
randomTree14
Capture Times: [1.0, 1.0, 1.0, 1.0, 1.0, 1.0, 1.0, 1.0, 1.0, 1.0, 1.0, 1.0, 1.0, 1.0]
Run Times: [6.001472473144531e-05, 0.0, 4.000663757324219e-05, 2.0608901977539062e-05, 0.0, 1.857757568359375e-05, 0.0, 4.0493011474609376e-05, 0.0, 0.0, 0.0, 1.999855041503906e-05, 0.0, 2.0599365234375e-05]
randomTree15
Capture Times: [1.0, 1.0, 1.0, 1.0, 1.0, 1.0, 1.0, 1.0, 1.0, 1.0, 1.0, 1.0, 1.0, 1.0, 1.0]
Run Times: [2.0580291748046873e-05, 3.968238830566406e-05, 0.0, 0.0, 2.0627975463867187e-05, 0.0, 0.0, 0.0, 0.0, 0.0, 0.0, 0.0, 2.0008087158203125e-05, 0.0, 1.999855041503906e-05]
randomTree16
Capture Times: [1.0, 1.0, 1.0, 1.0, 1.0, 1.0, 1.0, 1.0, 1.0, 1.0, 1.0, 1.0, 1.0, 1.0, 1.0, 1.0]
Run Times: [0.0, 6.11114501953125e-05, 1.9969940185546876e-05, 0.0, 0.0, 2.0008087158203125e-05, 4.05120849609375e-05, 0.0, 2.0008087158203125e-05, 4.0493011474609376e-05, 0.0, 4.060745239257812e-05, 0.0, 1.999855041503906e-05, 5.37872314453125e-05, 1.9989013671875e-05]
randomTree17
Capture Times: [1.0, 1.0, 1.0, 1.0, 1.0, 1.0, 1.0, 1.0, 1.0, 1.0, 1.0, 1.0, 1.0, 1.0, 1.0, 1.0, 1.0]
Run Times: [2.0608901977539062e-05, 0.0, 0.0, 0.0, 1.999855041503906e-05, 0.0, 2.063751220703125e-05, 0.0, 1.9979476928710937e-05, 0.0, 1.999855041503906e-05, 0.0, 1.9989013671875e-05, 0.0, 0.0, 0.0, 4.05120849609375e-05]
randomTree18
Capture Times: [1.0, 1.0, 1.0, 1.0, 1.0, 1.0, 1.0, 1.0, 1.0, 1.0, 1.0, 1.0, 1.0, 1.0, 1.0, 1.0, 1.0, 1.0]
Run Times: [2.2182464599609376e-05, 0.0, 4.1179656982421875e-05, 1.9969940185546876e-05, 0.0, 1.999855041503906e-05, 3.904342651367187e-05, 0.0, 4.058837890625e-05, 0.0, 4.0559768676757814e-05, 0.0, 0.0, 0.0, 0.0, 0.0, 2.0008087158203125e-05, 0.0]
randomTree19
Capture Times: [1.0, 1.0, 1.0, 1.0, 1.0, 1.0, 1.0, 1.0, 1.0, 1.0, 1.0, 1.0, 1.0, 1.0, 1.0, 1.0, 1.0, 1.0, 1.0]
Run Times: [4.0493011474609376e-05, 4.05120849609375e-05, 3.999710083007812e-05, 2.0618438720703126e-05, 0.0, 0.0, 2.4290084838867186e-05, 3.999710083007812e-05, 2.0008087158203125e-05, 2.064704895019531e-05, 3.999710083007812e-05, 1.9989013671875e-05, 0.0, 0.0, 0.0, 0.0, 1.999855041503906e-05, 0.0, 0.0]
randomTree20
Capture Times: [1.0, 1.0, 1.0, 1.0, 1.0, 1.0, 1.0, 1.0, 1.0, 1.0, 1.0, 1.0, 1.0, 1.0, 1.0, 1.0, 1.0, 1.0, 1.0, 1.0]
Run Times: [1.999855041503906e-05, 2.0008087158203125e-05, 4.0502548217773436e-05, 0.0, 2.0008087158203125e-05, 2.0008087158203125e-05, 1.999855041503906e-05, 0.0, 0.0, 0.0, 1.999855041503906e-05, 1.8320083618164063e-05, 0.0, 2.0456314086914062e-05, 0.0, 0.0, 0.0, 0.0, 2.0008087158203125e-05, 1.999855041503906e-05]
randomTree21
Capture Times: [1.0, 1.0, 1.0, 1.0, 1.0, 1.0, 1.0, 1.0, 1.0, 1.0, 1.0, 1.0, 1.0, 1.0, 1.0, 1.0, 1.0, 1.0, 1.0, 1.0, 1.0]
Run Times: [0.0, 0.0, 0.0, 4.0493011474609376e-05, 0.0, 1.999855041503906e-05, 0.0, 3.998756408691406e-05, 0.0, 1.999855041503906e-05, 2.0017623901367186e-05, 2.0017623901367186e-05, 8.112907409667968e-05, 1.9979476928710937e-05, 1.843452453613281e-05, 4.0493011474609376e-05, 2.221107482910156e-05, 3.999710083007812e-05, 2.0694732666015624e-06, 1.9979476928710937e-05, 0.0]
randomTree22
Capture Times: [1.0, 1.0, 1.0, 1.0, 1.0, 1.0, 1.0, 1.0, 1.0, 1.0, 1.0, 1.0, 1.0, 1.0, 1.0, 1.0, 1.0, 1.0, 1.0, 1.0, 1.0, 1.0]
Run Times: [1.9989013671875e-05, 0.0, 4.0493011474609376e-05, 6.0596466064453124e-05, 2.0589828491210937e-05, 0.0, 6.001472473144531e-05, 1.999855041503906e-05, 0.0, 2.765655517578125e-06, 1.9979476928710937e-05, 6.108283996582031e-05, 2.0008087158203125e-05, 2.0008087158203125e-05, 0.0, 4.0559768676757814e-05, 1.9979476928710937e-05, 0.0, 2.0589828491210937e-05, 2.0599365234375e-05, 2.0008087158203125e-05, 2.20489501953125e-05]
randomTree23
Capture Times: [1.0, 1.0, 1.0, 1.0, 1.0, 1.0, 1.0, 1.0, 1.0, 1.0, 1.0, 1.0, 1.0, 1.0, 1.0, 1.0, 1.0, 1.0, 1.0, 1.0, 1.0, 1.0, 1.0]
Run Times: [2.0017623901367186e-05, 1.6603469848632813e-05, 4.0493011474609376e-05, 4.0493011474609376e-05, 0.0, 2.5463104248046874e-06, 6.048202514648438e-05, 0.0, 4.061698913574219e-05, 1.9969940185546876e-05, 1.999855041503906e-05, 2.2029876708984376e-05, 0.0, 2.0608901977539062e-05, 2.0008087158203125e-05, 4.05120849609375e-05, 4.060745239257812e-05, 3.998756408691406e-05, 0.0, 4.000663757324219e-05, 1.9989013671875e-05, 0.0, 1.9989013671875e-05]
randomTree24
Capture Times: [1.0, 1.0, 1.0, 1.0, 1.0, 1.0, 1.0, 1.0, 1.0, 1.0, 1.0, 1.0, 1.0, 1.0, 1.0, 1.0, 1.0, 1.0, 1.0, 1.0, 1.0, 1.0, 1.0, 1.0]
Run Times: [0.0, 0.0, 4.05120849609375e-05, 2.0017623901367186e-05, 1.9989013671875e-05, 1.9989013671875e-05, 0.0, 5.9967041015625e-05, 0.0, 0.0, 6.045341491699219e-05, 6.05010986328125e-05, 0.0, 6.0596466064453124e-05, 0.0, 0.0, 3.7288665771484376e-05, 4.0521621704101564e-05, 1.999855041503906e-05, 4.0502548217773436e-05, 0.0, 0.0, 3.261566162109375e-06, 2.0599365234375e-05]
randomTree25
Capture Times: [1.0, 1.0, 1.0, 1.0, 1.0, 1.0, 1.0, 1.0, 1.0, 1.0, 1.0, 1.0, 1.0, 1.0, 1.0, 1.0, 1.0, 1.0, 1.0, 1.0, 1.0, 1.0, 1.0, 1.0, 1.0]
Run Times: [0.0, 0.0, 2.216339111328125e-05, 0.0, 4.063606262207031e-05, 0.0, 1.9865036010742186e-05, 1.999855041503906e-05, 1.999855041503906e-05, 0.0, 0.0, 4.003524780273437e-05, 0.0, 3.999710083007812e-05, 1.9989013671875e-05, 0.0, 4.062652587890625e-05, 8.048057556152344e-05, 2.0008087158203125e-05, 4.0483474731445315e-05, 3.999710083007812e-05, 0.0, 2.0017623901367186e-05, 1.9989013671875e-05, 8.112907409667968e-05]
randomTree26
Capture Times: [1.0, 1.0, 1.0, 1.0, 1.0, 1.0, 1.0, 1.0, 1.0, 1.0, 1.0, 1.0, 1.0, 1.0, 1.0, 1.0, 1.0, 1.0, 1.0, 1.0, 1.0, 1.0, 1.0, 1.0, 1.0, 1.0]
Run Times: [0.0, 0.0, 3.997802734375e-05, 1.9969940185546876e-05, 6.048202514648438e-05, 2.0503997802734374e-06, 4.047393798828125e-05, 0.0, 0.0, 0.0, 0.0, 0.0, 0.0, 6.0510635375976565e-05, 6.0510635375976565e-05, 0.0, 0.0, 2.6702880859375e-06, 0.0, 1.999855041503906e-05, 0.0, 2.0599365234375e-05, 3.965377807617187e-05, 2.0008087158203125e-05, 0.0, 6.047248840332031e-05]
randomTree27
Capture Times: [1.0, 1.0, 1.0, 1.0, 1.0, 1.0, 1.0, 1.0, 1.0, 1.0, 1.0, 1.0, 1.0, 1.0, 1.0, 1.0, 1.0, 1.0, 1.0, 1.0, 1.0, 1.0, 1.0, 1.0, 1.0, 1.0, 1.0]
Run Times: [0.0, 0.0, 2.0008087158203125e-05, 0.0, 1.9989013671875e-05, 4.001617431640625e-05, 2.205848693847656e-05, 5.9223175048828126e-05, 1.857757568359375e-05, 1.9989013671875e-05, 4.0493011474609376e-05, 4.256248474121094e-05, 2.0618438720703126e-05, 1.9979476928710937e-05, 0.0, 2.0608901977539062e-05, 1.9989013671875e-05, 0.0, 0.0, 3.999710083007812e-05, 0.0, 0.0, 4.059791564941406e-05, 0.0, 0.0, 0.0, 1.9979476928710937e-05]
randomTree28
Capture Times: [1.0, 1.0, 1.0, 1.0, 1.0, 1.0, 1.0, 1.0, 1.0, 1.0, 1.0, 1.0, 1.0, 1.0, 1.0, 1.0, 1.0, 1.0, 1.0, 1.0, 1.0, 1.0, 1.0, 1.0, 1.0, 1.0, 1.0, 1.0]
Run Times: [0.0, 0.0, 3.999710083007812e-05, 1.999855041503906e-05, 6.0510635375976565e-05, 2.0580291748046873e-05, 3.999710083007812e-05, 0.0, 2.0580291748046873e-05, 0.0, 1.999855041503906e-05, 0.0, 2.0608901977539062e-05, 2.0017623901367186e-05, 0.0, 0.0, 0.00012095451354980469, 2.0608901977539062e-05, 4.0502548217773436e-05, 4.0578842163085935e-05, 0.00010099411010742188, 2.0008087158203125e-05, 1.999855041503906e-05, 8.047103881835937e-05, 6.053924560546875e-05, 0.0, 8.049964904785156e-05, 4.106521606445313e-05]
randomTree29
Capture Times: [1.0, 1.0, 1.0, 1.0, 1.0, 1.0, 1.0, 1.0, 1.0, 1.0, 1.0, 1.0, 1.0, 1.0, 1.0, 1.0, 1.0, 1.0, 1.0, 1.0, 1.0, 1.0, 1.0, 1.0, 1.0, 1.0, 1.0, 1.0, 1.0]
Run Times: [2.0608901977539062e-05, 4.000663757324219e-05, 2.0008087158203125e-05, 1.999855041503906e-05, 0.00012152671813964844, 2.063751220703125e-05, 1.9989013671875e-05, 0.0, 6.0606002807617185e-05, 1.9979476928710937e-05, 1.999855041503906e-05, 0.0, 1.9989013671875e-05, 0.0, 2.0008087158203125e-05, 1.9683837890625e-05, 4.0531158447265625e-05, 8.060455322265625e-05, 0.0, 0.0, 8.04901123046875e-05, 3.9606094360351564e-05, 0.0, 6.038665771484375e-05, 6.0510635375976565e-05, 6.049156188964844e-05, 2.002716064453125e-05, 3.998756408691406e-05, 2.0017623901367186e-05]
randomTree30
