#.\graphGenerator.py 164
# GMT Thu Apr 13 12:26:43 2023
# 
0 151
1 78
2 67 54 60
3 132 74
4 102 89
5 158 47
6 155
7 113
8 21 28
9 33 113
10 120 163
11 61 22
12 15
13 42 143 27
14 63 93 152
15 119 141 77
16 41 112 31
17 30
18 26 62 106
19 78
20 48 44
21
22 36 28 54
23 91 85
24 82
25 130 116
26 123
27 128 83 52
28 55 44
29 95 140
30 46 82 128
31 82
32 157 77
33 148
34 88 58 110
35 114 65 58
36
37 48
38 74
39 155 68 78
40 135 81 112
41
42
43 104 157
44
45 107
46
47 64 75
48 117 162
49 137 51
50 152 91
51 74
52 73 67
53 97 71
54
55
56 91
57 82
58 87
59 118 139
60 74
61 150 138
62 139
63
64
65 75
66 84
67 140 92
68 80 159
69 126 79
70 85
71 136
72 107 136 115
73 100
74 158
75
76 120
77 159
78 81
79 106 151 92
80
81 86
82 103
83 160
84 117
85 138
86
87
88
89 129
90 151
91 108
92
93
94 136
95 134
96 108
97
98 124
99 121
100
101 121 158
102
103
104
105 109 122
106
107
108
109 110
110
111 141
112 127
113 134
114
115 160
116 135
117 124
118
119 125
120
121
122 163
123
124
125
126 154
127
128
129 147
130
131 148
132
133 153 145
134
135
136
137 149
138
139 146
140
141 145
142 146
143
144 150
145
146
147 154
148
149 156
150
151
152
153
154
155
156 161
157
158
159
160
161
162
163
