#.\graphGenerator.py 170
# GMT Thu Apr 13 12:28:56 2023
# 
0 88
1 120 127
2 18
3 166
4 95 127
5 128 143 150
6 20 123
7 167
8 38 64 166
9 71 122 108
10 158
11 48
12 70 42 167
13 14 34
14 153
15 55
16 37
17 37
18 60
19 26 60
20
21 34 159 125 85
22 114
23 161
24 42
25 62 141
26
27 44
28 145
29 107 161 97
30 142 124
31 97
32 140 125
33 97 150
34
35 36 83 102 126
36 66
37 63 112
38
39 117
40 165 61 169
41 139 90
42 80 50
43 152
44 46
45 115 70
46 99
47 159
48 111 133
49 114
50 75
51 100 148
52 62
53 114 138 142
54 78 126
55 115
56 77 162 67
57 59 155
58 102
59 135
60 130
61 144
62
63
64 99
65 114
66
67 99
68 73 89 76
69 137 110
70
71 149
72 125
73
74 105
75 130 104
76 109 84
77 121
78
79 157
80 93
81 132 86
82 160 157
83
84 106
85 126
86 152
87 111
88 166
89 117
90 91
91 151 104
92 116 124
93
94 98 167 105
95 110 157 101
96 133 126
97 129
98
99
100
101 150
102
103 113 147
104 156 168
105 118 163 122
106 114
107 124
108 131
109
110
111
112 158 166
113 126
114 136
115
116
117
118
119 165
120
121
122
123 154 151
124
125
126
127 169
128
129
130
131 144
132
133
134 147
135
136
137
138
139
140 164
141 166 168
142
143 146
144
145 167
146
147 155
148 155
149
150 155
151
152 160
153
154
155
156
157
158
159
160
161
162
163
164
165
166
167
168
169
