#.\graphGenerator.py 159
# GMT Tue Apr 18 17:26:10 2023
# 
0 103 102
1 51 28 19
2 108 33
3 7
4 116
5 55 38 156
6 155
7 136
8 117 107
9 24
10 109
11 76 82 33 47
12 20
13 93
14 128 47 73
15 129 41
16 27 84 158
17 59 24 155
18 48
19 40
20 77 114
21 111 53
22 23 46
23
24 75 63
25 80 52 140
26 104 123 50
27
28 66
29 76
30 88 114
31 150 74
32 39
33 100
34 53 120
35 73
36 116 73
37 109 87 99
38 131
39 61 79 69 101
40 65 112
41 57 78
42 131
43 121
44 60
45 134 152 55
46 52
47 136
48 82
49 139 58
50 96
51
52 106
53 141
54 124 154
55
56 113 78
57 115 154
58 85
59
60 121 154
61
62 100
63 96
64 70 120 132
65 101
66 114
67 102
68 122 72
69 157
70
71 97 143 100
72 123
73 111
74 153 123
75 110
76
77
78 149
79
80
81 107
82
83 155 87
84
85 144
86 89 94 139
87
88
89
90 95 118
91 130
92 110
93 158
94 135
95 119 146 112
96 138
97 130
98 106
99 140 129
100
101 126
102 151 116
103
104
105 133 141
106
107 146
108 144
109
110 148
111
112
113
114
115 127
116 147
117
118 151
119 137
120
121
122 132
123
124
125 142 128
126
127
128
129
130
131 149
132
133
134
135 145
136
137
138
139
140
141
142
143
144
145
146
147
148
149
150
151
152
153
154
155
156 158
157
158
