#.\graphGenerator.py 176
# GMT Thu Apr 13 12:29:45 2023
# 
0 75
1 100 157
2 21 125
3 134 28
4 167 94
5 119 140 164
6 121
7 11 57
8 160
9 128 174 162
10 144 35
11
12 45
13 44 26
14 139 84 163
15 153 106
16 166 175
17 56
18 67 106
19 99 56
20 22 49 60 76
21 39 69
22
23 92 80
24 57
25 31 97 48 41 39
26 90
27 67
28 40
29 65 83 142
30 91 130
31
32 136
33 132
34 129
35 87 83
36 107 158 146
37 135 64
38 173
39 132
40 86 157
41 56 161
42 114
43 149
44 95
45 59
46 74 157
47 83
48 138
49
50 87
51 116 124 135
52 127 141 74
53 90 124
54 93
55 80 63
56 148
57 108 165 77
58 158
59 101
60 156
61 142 117 95
62 63
63 169 129
64 158
65
66 77
67
68 155
69 163 157
70 164 111
71 160
72 151
73 106 168 131 110
74 81
75 174
76 111
77 145
78 108
79 121 118
80
81 162
82 98
83
84 101
85 168
86 93
87 129
88 174
89 91
90
91
92 96
93
94 165
95 155
96 98
97
98
99
100
101 154
102 155
103 133 158
104 149 124
105 164
106 109
107
108
109
110 173
111 162
112 125 150
113 121
114 161
115 137 129
116
117 170 173
118 150
119
120 172 131
121
122 159
123 139
124 126
125
126
127
128
129
130 171
131
132
133
134
135
136 159
137
138
139 152
140
141 146
142
143 151 172
144 147
145 168
146
147
148
149
150 175
151
152
153
154
155
156
157
158
159 171 165
160 175
161
162
163
164
165
166
167
168
169
170
171
172
173
174
175
