#.\graphGenerator.py 154
# GMT Tue Apr 18 13:45:53 2023
# 
0 64
1 118 148
2 124
3 106
4 78 93
5 51
6 16 11 92 54
7 72 85 81
8 34 135
9 142 133
10 151 17
11 27
12 99 143
13 54 140
14 50 114 151
15 54
16
17 49 152 126
18 72
19 39
20 58 141
21 61 22
22 55
23 114
24 101 81 137
25 43
26 105
27 117
28 56 40 134
29 58
30 68 138
31 32 55 123
32
33 60
34 133
35 119 89
36 66
37 110
38 79 120
39 67 142
40 139 108
41 109 101
42 47
43 134
44 107
45 148
46 125 110
47 130
48 102
49 115 130
50
51 119
52 64 63
53 63 147 88
54
55
56
57 63
58
59 106
60 102 149
61
62 93 74 134 143
63 89 121
64 70
65 116 99
66 73 145 107
67 127
68
69 98 112
70
71 95
72 87
73
74 104
75 102
76 83
77 129
78
79
80 130
81
82 135 122
83 103
84 131
85 150
86 127
87
88 106
89
90 150
91 110 145
92 149
93
94 105 103 152
95 112
96 129 147
97 112
98
99
100 144
101
102
103 137
104 128
105
106 111 112
107 148
108 140
109 124
110
111
112 141 136 127
113 119
114
115
116
117 120
118
119
120
121
122 153
123 125
124
125
126 144 153
127
128
129 131 143
130
131
132 148
133
134
135
136 138
137
138 148
139
140
141
142
143
144
145
146 150
147
148
149
150
151
152
153
