#.\graphGenerator.py 177
# GMT Thu Apr 13 12:29:53 2023
# 
0 95
1 151 81
2 60 49 131
3 52
4 113
5 20 89
6 29
7 124 125
8 158 130
9 77
10 48 144
11 136 73
12 121 125 85
13 17 118 44
14 86 137
15 140 39
16 128
17
18 21 70
19 163
20 122 101
21 69 152
22 78 36
23 98
24 48
25 163 50
26 124
27 150
28 133
29 102 50
30 146 123
31 54 142 117 148 64
32 52
33 167 171 139
34 96
35 88 53
36 146
37 84 156 78
38 155 40
39 58
40 100 128
41 131
42 99 75 161
43 146
44 76
45 113 68
46 119 82
47 83 135 95
48 67
49 150
50 114 138 166
51 94
52 89
53 169
54
55 155
56 127 103
57 131
58 139
59 90 77
60 82
61 176
62 173 149 133
63 163
64 140
65 111 83
66 98
67
68 140
69 105
70 168
71 168 129 157
72 134 175
73 157
74 93 104
75 89
76 176
77 103 85
78
79 108 80
80 113
81 110 174 118
82
83 87
84 94 154
85 144 148
86 175
87
88 97
89 106 123
90
91 109
92 153 101
93
94
95 105
96 162
97
98 144
99
100
101
102 165
103
104 173
105
106
107 163
108 131 162
109 132 153
110
111
112 128 116
113
114
115 159 116
116 138
117 147 172
118
119
120 166
121
122
123 157
124
125
126 167
127 137
128 161
129 169
130 155
131
132
133 151
134 141
135
136
137
138
139 166 149
140
141
142
143 153
144
145 175
146
147
148
149
150
151
152
153
154
155
156
157
158
159
160 172
161
162
163
164 171
165
166 170
167
168
169
170
171
172
173
174
175
176
