#.\graphGenerator.py 165
# GMT Thu Apr 13 12:27:13 2023
# 
0 10 136
1 6 119
2 153 33
3 23 109 114
4 111 159 107
5 114 155
6 62
7 56 154
8 157
9 44 151
10
11 149 104
12 112 61
13 67 68
14 117 63
15 89 144
16 152
17 71
18 64 128
19 29 146
20 123
21 127
22 137
23
24 48
25 92
26 68 112
27 76 48 125
28 44
29
30 108 35
31 105
32 73
33 127
34 55 90
35 119
36 50 151
37 126 74
38 125 54 164
39 95
40 91 152 149
41 157 80
42 122 132
43 102
44 69 141
45 118 95 119 117
46 155
47 66
48 58
49 124 140
50 105
51 94
52 163 106
53 134
54 138 106
55 107
56
57 123 74 146
58 94
59 132
60 109
61 78 99 95
62 144
63 83 142 115
64
65 163
66 88 149
67 129
68
69
70 120
71 77
72 112
73 115 163
74 145 92
75 150 141
76
77 158 106
78
79 147
80 132
81 154
82 127
83
84 127 110
85 113
86 155
87 143
88
89 133 103
90 139 140
91
92 154
93 104
94
95 131
96 130 124
97 146
98 116 119
99 101
100 124
101
102 130
103 128 156
104 139
105
106
107 148
108 120
109
110 135
111 147
112
113 114
114
115
116 162
117
118
119
120 135 146 140
121 141
122
123
124
125
126
127
128
129
130
131
132 163
133
134 145
135
136 156
137 160 143
138
139
140
141
142 161
143 161
144
145
146
147
148
149
150
151 153
152
153
154
155 157
156
157
158
159
160
161
162
163
164
