#.\graphGenerator.py 168
# GMT Thu Apr 13 12:28:05 2023
# 
0 65 52
1 81 128
2 69
3 64 49
4 73 156 85 45
5 37 69 18
6 58
7 149 61
8 160 130
9 19
10 60 101
11 92 76
12 56
13 108
14 71 45 108
15 110
16 166
17 123 138 167
18 50 57
19 127 60
20 139
21 74
22 28 63 41
23 158
24 68
25 123
26 49 79 100
27 28
28 78
29 61 121
30 33 46
31 76
32 58
33
34 163 68
35 165 108
36 135 46
37
38 49
39 107 63
40 58
41 48
42 155 84
43 157
44 94
45
46 89 166 138
47 132
48 119 68 124
49
50 93 122 53
51 153
52 158 107
53 139
54 137
55 121
56 130
57 125
58 137
59 134 167
60 105
61
62 86 74
63 74 131
64
65
66 123
67 137 83
68
69
70 82 92
71 150
72 155
73 90 145
74
75 87 154
76 91 154
77 84 85
78 100
79
80 117 167
81
82
83 143 136
84 148
85 147 129
86
87
88 97 112 92
89
90
91
92
93 103 115 116
94 140 128 99
95 153
96 144 118
97
98 130
99 163
100
101 160
102 142
103
104 132 118 160
105
106 166
107 121
108 157 114
109 143
110 116
111 116
112
113 132
114 125
115
116
117 126
118
119
120 141 140
121
122
123
124 146
125 160
126
127
128 153
129 159
130 134
131 142
132
133 147
134 146
135
136 164 162
137
138
139
140
141 152
142
143
144
145 154
146
147 151
148
149
150
151
152
153
154
155
156
157 162
158
159
160
161 162
162
163
164
165
166
167
