#.\graphGenerator.py 153
# GMT Tue Apr 18 12:36:12 2023
# 
0 32
1 15
2 143 21
3 138
4 136
5 54
6 35
7 34 40
8 75 150
9 100
10 21 65
11 111 23
12 51 52 65
13 91 67
14 31
15 74 99
16 71 126
17 26 109
18 114
19 120 48
20 69 71
21
22 122
23 147 106 63
24 132
25 103 74
26 89 79
27 67
28 54 84
29 110 50
30 97 130 152
31 63 145
32 90
33 76 53 128
34 93 48
35 135 138 62
36 92 66
37 43 70 46
38 58 53
39 81
40 61 91
41 108 96
42 149 116
43
44 46 112
45 96 128 106
46
47 53
48 112
49 142
50 97
51 132
52 98 81
53 133 125
54 107
55 129
56 148 80
57 69
58 80
59 119
60 100
61
62 116 150 146
63 94
64 127
65 86
66 108
67 117
68 144
69
70 95
71 100
72 84 108
73 126 74
74
75 87 104 119
76 83 88
77 90 130
78 117
79 136
80 99
81 137
82 135
83 101
84 121
85 124 112
86 102 118
87
88 123
89 113
90 145
91 142
92
93
94
95
96 134
97
98
99 109 151
100 105 129
101
102
103 141
104
105
106
107
108
109
110
111
112
113
114 127 149
115 129
116
117 139 143
118 122 125
119
120
121
122
123
124
125
126
127 140
128
129
130
131 135
132
133
134
135
136
137
138
139 144
140
141 146
142
143
144
145
146
147
148
149
150
151
152
