#.\graphGenerator.py 178
# GMT Thu Apr 13 12:29:58 2023
# 
0 96 148 27 146
1 158 78
2 64
3 88 133 54
4 20 83
5 9 123 7
6 99
7 12
8 13 83
9
10 19
11 117
12 138 125
13 57
14 56 68
15 172
16 52 91
17 37 146 31
18 127
19 33 154 117
20 76 91 157 136
21 34 114
22 143
23 65 135
24 150 50
25 139
26 58 71
27 36
28 105 49 165
29 82 108
30 143 175 153
31 134
32 140 173
33 104 59 106
34
35 170
36 51 147 98
37
38 85
39 145
40 77
41 148
42 84 158
43 176 166
44 172 45
45 79
46 155
47 51
48 88
49 77
50 79 98
51
52
53 122
54 129
55 100 151 85 61
56
57
58
59 119
60 109
61 161 69
62 115 121
63 163
64 113 162 149 103
65 103
66 156 165
67 148
68 131 89
69 120 174 176
70 131
71 145 135 90
72 134 80
73 168
74 157
75 109 130 77
76
77 152 170
78 114 162
79
80 116 112
81 164 169
82 139
83 108
84
85 153
86 130
87 95 156
88
89 168 123
90 164
91
92 132
93 110
94 155 128
95 121
96
97 165 117
98
99 108
100
101 112 149
102 126
103 144
104
105
106 137
107 126 157
108 142 131
109
110 162
111 165
112
113
114
115
116
117 145
118 158
119
120
121 125
122 134
123
124 141 146
125
126
127 141
128 160 144
129 154
130
131
132 176
133
134
135
136 163
137
138
139
140
141
142
143
144
145 167
146
147
148 171
149
150
151
152
153
154
155 166
156
157
158
159 164
160
161 173
162
163
164
165
166
167
168
169 177
170
171
172
173
174
175
176
177
