#.\graphGenerator.py 152
# GMT Tue Apr 18 12:30:56 2023
# 
0 138
1 36 121
2 97
3 23 132 122
4 41
5 28 41
6 7 111
7 97
8 100 20 133
9 39
10 112
11 75 107 105 16
12 22 98
13 131 85
14 138
15 145 63
16 112 51
17 54
18 30 86 115 54
19 121 151
20 87 113
21 141 148
22 61 63 149
23
24 60 141
25 129 138
26 91
27 59 85 64
28 123
29 40
30
31 110 126 134
32 39 45
33 87
34 104
35 129
36
37 98 109
38 97
39
40 82 94
41 65
42 53 73 105
43 114 92 45
44 47
45 116
46 103
47 99
48 74 70
49 64
50 72 80 109
51 130
52 132
53
54 68 79 118 104
55 124
56 119
57 103 126
58 144 143
59
60
61 122
62 143
63 146
64 78 125 90
65 149
66 135 122
67 151
68
69 101
70 102 120 150
71 88 74
72 104
73
74 84
75
76 109 106
77 94 140
78
79
80 91
81 138 119
82
83 130
84
85 140
86
87
88
89 138
90 106 142
91 134
92 108
93 121
94
95 137
96 115
97 137
98
99 118
100
101 129
102
103
104
105 127
106
107
108 148
109
110
111 126
112 143 116
113 119
114
115
116
117 130 134
118
119
120
121
122
123 136 147
124 147
125
126
127
128 151
129
130 150
131 139
132
133 140
134
135
136
137
138
139
140
141
142 151
143
144
145
146
147
148
149
150
151
