#.\graphGenerator.py 183
# GMT Thu Apr 13 12:30:31 2023
# 
0 40 137 31 149 168
1 35 159
2 38 115
3 127
4 124
5 65 153 133 120
6 179 30
7 72 86 12 146
8 23 20
9 140 110
10 112 110
11 117
12 127 87
13 20 98 141 149
14 92
15 72
16 106
17 46 131 42
18 128 159
19 75 182
20
21 103 29
22 115 68
23 94
24 42 115
25 60 85 149
26 68 182
27 163
28 130 31
29 59
30 82 116 74
31 144
32 150 139
33 96 48 54
34 160 175 105
35
36 143
37 101 163
38
39 159
40 43 106
41 175
42 122
43
44 69
45 83 121
46
47 177
48 155
49 178
50 132 99
51 111
52 100
53 91
54 133
55 118
56 116
57 105 68
58 107
59 134 104 174
60 176
61 164
62 151 105
63 79
64 156 147
65
66 69
67 161
68
69 119
70 157
71 172
72
73 154
74 109 99 102
75
76 129 170
77 100 121 97
78 174 157
79 114
80 96
81 171 110
82
83 95
84 116
85 110
86
87 148
88 135 177
89 123 141
90 139 121
91 98
92 178 175
93 159
94
95
96
97 104
98 111 136
99
100
101 162 147
102 104
103
104 114
105
106
107 144
108 131
109
110 164
111
112
113 165 154
114
115 167 159
116 142 166
117 170
118 165
119 159
120 144
121
122 154
123
124 180
125 181 148
126 145
127
128 172
129
130
131
132
133
134
135 158
136
137
138 171
139
140 146
141
142
143 163
144
145 150
146
147
148
149 169
150
151 170 173 177
152 161 176
153
154
155
156 157
157
158
159
160
161
162
163 171
164
165
166
167
168 182
169
170
171
172
173
174
175 180
176
177
178
179
180
181
182
