#.\graphGenerator.py 157
# GMT Tue Apr 18 16:30:16 2023
# 
0 41
1 81
2 114 27
3 77 13
4 135
5 37
6 22 27
7 101 49
8 137
9 91
10 134 139
11 79 88
12 24 120 64
13 131 156
14 42
15 35
16 35 44 102 32
17 21 141
18 22
19 151 142 52
20 122
21
22
23 49 76
24
25 108 36 71
26 109
27 122 45
28 144 115
29 144
30 91 106
31 107 73
32 156
33 53 135
34 94
35
36 147 70
37 114
38 150
39 74
40 83 51
41 118
42 86 67
43 128
44 63
45 150
46 130 78
47 69
48 119 149 103
49 85
50 90 135
51 82 118
52 130
53 121
54 148 151
55 66 132 118 88
56 74 89
57 100
58 155 150
59 118
60 90
61 140
62 114
63
64 100 97
65 89
66
67 80 116 142
68 79
69 113
70 153
71 143
72 154
73 91
74 140
75 154 135
76 89 156
77
78 126 122
79 113
80
81 138
82
83
84 150 87
85 103
86 137
87 138
88 107
89 104
90
91
92 99
93 138 100
94 119
95 114
96 103
97 136
98 125
99 110
100
101 105 135
102
103 136
104
105
106 129
107
108
109 133 153
110 138
111 127
112 155
113 139
114
115 137
116
117 155
118 146
119
120
121 123
122
123
124 152 141
125 139
126 143
127 140
128 140
129 137
130
131
132
133
134
135
136
137 145
138
139 141
140
141
142
143
144
145
146
147
148
149
150
151
152
153
154
155
156
