#.\graphGenerator.py 158
# GMT Tue Apr 18 16:55:53 2023
# 
0 22 80
1 78
2 87 115
3 111
4 141 14
5 71 149 59
6 99 14
7 37 91 16 109
8 78 81 150
9 94
10 104
11 39 148
12 40 51 105 109
13 74 75
14 22
15 42 128
16 140
17 33
18 120
19 86 92
20 79 125 68
21 82 129 142
22
23 90
24 68 113
25 120
26 152
27 106
28 107
29 100
30 47 84 58
31 130 116 119
32 152
33 61 42
34 73 97
35 96 40
36 110
37
38 143 64
39 115 154
40 124 49
41 75 61
42 131
43 135
44 45 135
45 113 152
46 60
47
48 100 98
49 123 144
50 64
51 122
52 103
53 123
54 94 148 120
55 110 153
56 76
57 79
58 103
59 111
60 85
61 155
62 92 120
63 106 117 143
64 87
65 93 101
66 137 97
67 97 142
68
69 99
70 126
71
72 83 156 100
73 98
74 136
75 120
76 133 143
77 130
78
79
80 98
81
82
83
84
85 146 121
86
87
88 144
89 102 118 131
90 112 93
91
92
93
94
95 108
96
97
98
99
100
101 139 111
102
103 148
104 110
105 128
106
107 152
108 115
109 157
110
111 147 137
112
113
114 118
115
116 138
117
118
119 149
120
121 157
122 145 153
123
124
125
126 131
127 133
128
129
130
131
132 147
133 150
134 151
135 136
136
137
138
139
140 142
141
142
143
144
145
146
147 151
148
149
150
151
152
153
154
155
156
157
