#.\graphGenerator.py 163
# GMT Thu Apr 13 12:26:40 2023
# 
0 122
1 110 76
2 130 151 64
3 44 103 70
4 48 84 154
5 43
6 56 126 83
7 121
8 88 24
9 21 58
10 38 41 25 74 83 55
11 50 25
12 102
13 22 112 75
14 19 153
15 72 63 68
16 52
17 57 66
18 143
19 100 156
20 21
21
22
23 41
24 43
25
26 39 144
27 31 63
28 59 98
29 30 66
30 79
31 43
32 53 106
33 51 111 135 153
34 128 129
35 76 54
36 64 47
37 141 71
38
39
40 77 80
41
42 87 149
43 45
44
45 82
46 120
47 150 129
48
49 91 157 117 109
50
51 60
52 80
53 122
54 109
55 63
56
57 93 78
58 161
59
60
61 143
62 147 120
63 113 106 142
64
65 143 159
66 80 161
67 146
68 140
69 81 119 86 162
70 71 86
71 73
72 155 114
73 138 129
74 89
75 94 95
76 90 105
77
78 107 127 123
79
80
81
82 121
83
84 120
85 155
86
87 161
88 115
89
90
91
92 98
93
94
95 116
96 140 151
97 140
98 99 120
99
100
101 125 144 132
102 108
103 158
104 131 160
105 159
106
107
108 139
109 121
110
111
112
113
114 160
115
116 117
117 149
118 141
119
120
121
122
123 137 152
124 125
125
126
127
128
129 134
130
131
132 135
133 154 156
134
135 148
136 160
137
138
139 146 140
140
141
142
143
144
145 158
146
147
148
149
150
151
152
153 160
154
155
156
157
158
159
160
161
162
