#.\graphGenerator.py 160
# GMT Thu Apr 13 12:26:00 2023
# 
0 31
1 30 46
2 53
3 148 79
4 144
5 116 57 113
6 127 18 33
7 97
8 46 60
9 14 132 115
10 41 97 74 13
11 68 155 139
12 81 37
13 79 49
14 149
15 125 56 75
16 150 153
17 118 51
18 106 31
19 133
20 54 51
21 148
22 77
23 135 59
24 133 147 48
25 84
26 71
27 113
28 86 145
29 120 116
30
31 75 115
32 92 82
33 109 123 159
34 91 43 60
35 138 106
36 110 128
37 74
38 64 47
39 98
40 58 124
41
42 66 156 50 83
43 55 145
44 85
45 136
46
47 61 67
48 86
49 66
50 113
51 98 67
52 88
53 90 100 89
54 119 129
55 108
56 131
57 60
58 63 107 82
59 130 113
60 72
61
62 78 132
63
64
65 77
66
67 73
68
69 99
70 108
71 136 133
72 140
73 96
74 105
75
76 143 146 111
77 103
78
79 126
80 157 104
81 102
82
83 137 123
84 102
85 90
86
87 143
88 142 101
89 143
90
91
92 128 153
93 142
94 104 154
95 133
96 130
97
98 122
99 137
100
101 152
102
103 112 118
104
105
106
107
108
109
110
111 151 159
112 114
113
114
115
116
117 145
118
119
120
121 139 132
122
123
124 149
125
126
127
128
129
130
131
132
133
134 140
135 154
136
137
138
139
140
141 144
142 158
143
144 149
145
146
147
148
149
150
151 152
152
153
154
155
156
157
158
159
