#.\graphGenerator.py 200
# GMT Thu Apr 13 12:08:14 2023
# 
0 67
1 34 198
2 124 157 86
3 194 105
4 28 186
5 99
6 170
7 190 81
8 160 178
9 64
10 74 79 118 15 24
11 91 78
12 145 152 24 136
13 19 20
14 71
15 45
16 130
17 55 61
18 135
19 64
20 118
21 153
22 77 71
23 177 137
24
25 114 106
26 93 146
27 103 133 183
28
29 127
30 55
31 161 152
32 75
33 85
34
35 105 114
36 43 92
37 39
38 171 87
39 81 110
40 97 128 135
41 57
42 69 80
43 183
44 141 184 197
45 170
46 153 144
47 149 122 170
48 59 58
49 120 157
50 197
51 170
52 83 162 103
53 132 166
54 161
55
56 144 121
57 119 163 186
58 76
59
60 70 117 112 69
61 63
62 199
63 166 105
64 111 125
65 130 132
66 87 92
67 146
68 174 72
69
70
71 134 129 118
72 183
73 149
74
75 76
76 106 84
77
78 127 192
79
80 151 175
81 102 167
82 159
83
84 168 159
85 183
86 128
87 98 159 136
88 155 90
89 118
90 158 109
91
92 115
93 123 192
94 100 126 184
95 182 144
96 180 104
97
98 108
99 191 177
100
101 197
102
103
104 185
105
106 187 150
107 162
108
109 157
110 125
111
112 185
113 195 136
114
115 126
116 181 132
117
118 178
119
120
121 196
122 165
123
124
125 173
126
127
128
129 179
130
131 174
132
133 176
134
135 172 195
136
137 146
138 141
139 144
140 197 180
141 154
142 149
143 151
144
145
146 186
147 169
148 191
149
150 186
151
152
153
154
155
156 172
157
158
159
160
161
162 169
163
164 198 197
165 196
166
167
168
169
170
171
172
173
174
175 199
176
177
178
179
180 189
181
182
183
184
185
186
187
188 197
189
190
191
192
193 194
194
195
196
197
198
199
