#.\graphGenerator.py 156
# GMT Tue Apr 18 15:49:29 2023
# 
0 129 25
1 53 147 54
2 102
3 9 130
4 50
5 94
6 51
7 105 31 140
8 16 117 112 115 71
9 145 11 154
10 79 55 138 155
11 28
12 135
13 89
14 98 59
15 25 115
16 69
17 20
18 64 82
19 111
20 56 118 97 28
21 150 93
22 122 49 139
23 87
24 141 37
25 92
26 154
27 150
28 80
29 86 152 67
30 50 70
31 153
32 111 50
33 155
34 96 65
35 75 77
36 89
37 88 65 142
38 66
39 140 137
40 107 136 55
41 149
42 82
43 105
44 108 152
45 104
46 58
47 121 96
48 65
49 76 144
50
51 93 97
52 72
53
54 89 68 71 99
55
56
57 134 131 142
58 76
59 104 106 109
60 104
61 128 108
62 139
63 87 151
64
65
66 153
67 131
68 126
69
70 106
71
72 145
73 78 120 86
74 133
75
76 100 119
77 117
78
79 110
80
81 129
82 94 148
83 87
84 141
85 140
86
87
88
89
90 143
91 135 153
92
93 149
94
95 142 147
96
97
98
99 138
100
101 146 152
102 103
103 139
104
105
106
107
108 113
109 114
110 125
111
112 124
113
114 151
115
116 150
117
118
119 143
120 148
121
122
123 143
124
125
126 127
127
128
129 130
130
131 139
132 145
133 134
134
135
136
137 142
138
139
140
141
142
143
144
145
146
147
148
149
150
151 154
152
153
154
155
