#.\graphGenerator.py 161
# GMT Thu Apr 13 12:26:08 2023
# 
0 142
1 37
2 155 151
3 11 31 152
4 9 145 159
5 16 77 51
6 105 86 61
7 72
8 94 134
9
10 75 90
11
12 107
13 114 28
14 125
15 61 144
16 128
17 35 46 152 124 47
18 159 84
19 69 131
20 136 61
21 133
22 121
23 85 151 52 124
24 50
25 91
26 138
27 104
28 120 77
29 118
30 58 82 133
31 89
32 88 98
33 125 74
34 91 103
35
36 107 98
37 59 76 158 114
38 156
39 51 99
40 134 131
41 127 138 83
42 129
43 144
44 110
45 133 78
46
47 57 80
48 108 153 82
49 98 137
50 97
51
52 84
53 104
54 117 58
55 150 111
56 149
57
58 63 157
59 93
60 110 133
61
62 137
63
64 99
65 110
66 147 78 160
67 143 123
68 73 93
69
70 85
71 142
72 120
73
74 81 132
75 132
76 148
77
78
79 144
80 91
81 116
82
83 91
84
85 142 149
86 96 113 104
87 140 99 97
88
89
90 135
91 118
92 115 159
93
94
95 139 122
96
97 104
98
99
100 109 107
101 106
102 109
103 139
104 130
105
106 137 120
107
108
109
110
111 113
112 121
113
114
115
116 129
117
118
119 159
120 154
121 146 142
122 126 153
123 152
124
125
126
127
128
129
130
131 157
132
133 141
134
135 145
136
137
138
139 144
140
141
142
143
144
145
146
147
148
149
150
151 156
152
153
154
155
156
157
158
159
160
