#.\graphGenerator.py 191
# GMT Thu Apr 13 12:32:16 2023
# 
0 83 105
1 105 108 74
2 45 86
3 82 49
4 144
5 181
6 101 173 86 147
7 40 70
8 145 154
9 131 136 19
10 187 116
11 72 148 171
12 64
13 161 60 55
14 24 181 134 72
15 92
16 96 143
17 28 181
18 50 148
19 143
20 25 95 121 190
21 106 138
22 73 42 150
23 146 178 154
24
25
26 111 174 183 134
27 46 118 116 133
28 53
29 99 58
30 120
31 49 163 96
32 98
33 172
34 114 81
35 151
36 43 185
37 129
38 84
39 78
40
41 64 156
42 171
43 172
44 181
45 132 152 150
46
47 151
48 131
49
50
51 56
52 147 94
53
54 86
55 141
56 137 60
57 169 70
58 168 166
59 185 152
60 76
61 62 186 88
62 124
63 85 181
64 128 65
65 126
66 77
67 167 111
68 150
69 79 123
70 107
71 115 189
72
73
74 180
75 157 155
76
77 115
78 161
79
80 184 92
81 176 178
82 135
83
84 161
85
86
87 164 148
88 133
89 103 112 151
90 138 159
91 177
92 102
93 161
94 187
95
96
97 130 133 142
98 172
99
100 127 131
101
102 173
103
104 142
105
106
107 122
108
109 129 135
110 113 126
111 170
112 188
113 155
114 143
115
116
117 160 175 146
118
119 189
120 161
121 140 141
122 159
123 150
124 144
125 174
126
127
128
129
130
131
132 139 180
133
134
135
136
137 162
138 179
139
140
141
142 158 162
143
144 149 165
145
146
147
148
149
150
151 166
152
153 189
154 164
155
156 162
157 166
158 177
159 182 187
160
161
162
163 189
164
165
166
167
168
169
170
171
172
173
174
175
176
177
178
179
180
181
182
183
184
185
186
187
188
189
190
