#.\graphGenerator.py 169
# GMT Thu Apr 13 12:28:48 2023
# 
0 40 11
1 102 58
2 56 58 152
3 20 105 99
4 11 48
5 45 81
6 71 58
7 166
8 17 166 18
9 65 130
10 32 113
11 100
12 163
13 152
14 44 70 49 129
15 157 73 19
16 167
17
18 119 97
19 61 75 165
20 148
21 131
22 116 114
23 150
24 109
25 41 86
26 136
27 108
28 156 143
29 31 114 134
30 76 38
31 64 36
32 48
33 50 154 94
34 112
35 78 153 79
36 127
37 40
38 127
39 142
40
41 52
42 95 153
43 104 124
44
45
46 70
47 68 145 128
48 91 97
49 137 158
50 144
51 129
52 112
53 125
54 64
55 96 159
56
57 111 128 160 162 90
58
59 69
60 141
61
62 133
63 112
64
65
66 110 142
67 84 150
68
69 107 83
70
71 118 125 159
72 76
73 163 164
74 111
75
76
77 130
78 146
79 94
80 138 166
81 159
82 139 116
83 156
84
85 131 132
86 111
87 110
88 133 106
89 108 143 95
90 92
91
92 106 167 129
93 149
94 134
95
96
97
98 141
99 134
100 117
101 158
102
103 121 113 162
104
105 136
106
107 147
108 109
109
110
111 141
112
113
114
115 167
116 142
117
118
119 151
120 135
121 134
122 152
123 132 140
124 130
125
126 160
127
128
129 168
130 131
131 135
132
133 165
134 140
135
136 149 152
137
138
139
140
141
142
143 155
144
145
146
147 161
148
149
150 160
151
152
153
154
155
156
157
158
159
160
161
162
163
164
165
166
167
168
