#.\graphGenerator.py 184
# GMT Thu Apr 13 12:31:02 2023
# 
0 32 95
1 150 119
2 103
3 4 75 113
4 135
5 13
6 179
7 100
8 50 19 162
9 25 124
10 98
11 63 98
12 143 92
13 39
14 62
15 144 112 86
16 85 90 119
17 129 162
18 102
19 103
20 42 26
21 33 147 85
22 151
23 71
24 151 121 180
25 97
26 91 131
27 38 150
28 38
29 145
30 40
31 62 180
32
33 77 117
34 98
35 173
36 182
37 102
38 162
39 160 72
40 68 167 134
41 110
42
43 115
44 47 116
45 181 99
46 105
47 115
48 73 96
49 163
50
51 166 137
52 65 67
53 177
54 148
55 72
56 69
57 91
58 139
59 109 78
60 146
61 95 152 87
62
63
64 103
65
66 176
67 71 107
68 76
69 179
70 81
71 106 101
72 81 138
73
74 119 170
75 169
76
77
78 172
79 130
80 105 100 129
81
82 141
83 114
84 95
85
86 133
87 155 109
88 123
89 110 180
90 107
91 163
92 138
93 178
94 125
95
96 180
97
98 161 119
99 148
100 177 174
101 108
102 149
103 141
104 182 145
105
106
107 142
108 134
109
110 157 173
111 157
112 180
113 132
114 138 152
115 133
116 141
117
118 135
119 122
120 139 121
121 158 123
122
123 172
124 167
125 163
126 140
127 136
128 179
129 140 154
130 163
131 145 181
132 164
133
134 168
135
136 164 158
137 146 149
138
139 156
140
141 171
142
143 176
144 159
145
146
147
148 179 167
149 165
150
151
152
153 160
154
155
156
157
158
159
160
161
162
163
164
165 179
166
167
168
169
170 183
171
172
173
174 178
175 178
176
177
178
179
180
181
182
183
