#.\graphGenerator.py 194
# GMT Thu Apr 13 12:32:47 2023
# 
0 35 14 182 124
1 70 134 18 53 7
2 47 79
3 135
4 82 38
5 141 82
6 83 25 144
7 17
8 10 107 150
9 123
10
11 149 86
12 27
13 33 118 124
14 43 40 157
15 130 136 165
16 36 51
17 137 55
18 26
19 33
20 110 81
21 90
22 36
23 169 58
24 120
25 155
26 75 153 28 50
27 168 28
28
29 71 76 193
30 97
31 180
32 168
33
34 178
35
36
37 99
38 169
39 56 147 72 81
40 178
41 120 170
42 164
43
44 190
45 94 89 98 170
46 154
47 183
48 127
49 154
50 156
51 109
52 65 119 84 92
53 67 73
54 142
55 101 132 127
56 57 96
57
58 106 126 148
59 124 76
60 176 189
61 145 166 67
62 150 69
63 139
64 189 137
65
66 142
67
68 88 192 73
69 132
70
71
72 175
73
74 160 75
75 103
76 162 187
77 108 159
78 148 104
79 115 157
80 172
81 163
82
83 123
84 190
85 139
86 144 94
87 181
88 143 158
89 91 172
90 134
91
92 117
93 165
94
95 99 146 111
96
97 135 153
98 174
99
100 131
101
102 170 117
103
104 163
105 109 139
106
107
108
109
110
111 152
112 121 179 150
113 189
114 164
115
116 181
117 182
118
119 129
120
121
122 151
123
124
125 180
126 159
127 193
128 134
129 131
130
131
132
133 191
134
135 165
136
137 191
138 140 186
139 182
140
141
142 191
143
144
145
146
147
148
149
150
151 152 159
152 164
153
154 180
155
156 163
157
158
159 173
160
161 190
162
163
164
165
166
167 181 188
168
169
170
171 173
172
173
174
175
176
177 180
178
179
180 183
181
182
183
184 192
185 189
186 193
187
188 193
189
190
191
192
193
