#.\graphGenerator.py 175
# GMT Thu Apr 13 12:29:35 2023
# 
0 9 139
1 133 151 120
2 71 121 143 115
3 42
4 65
5 65 40 98
6 146 106
7 138 159 107
8 156
9
10 158
11 30 99
12 25 44
13 97
14 64
15 96
16 158 70 169
17 18
18 79
19 39 90 142 115 165
20 90
21 96 38 75 36
22 120 124
23 87
24 42 52
25 83
26 123 112
27 94
28 98
29 137
30
31 47 139
32 163
33 131
34 149 92
35 50
36 127
37 92 91
38 87 162
39
40 62
41 122 173
42 57
43 155
44 86 132
45 104 119 131 114
46 165 105
47 130
48 119
49 131
50 143
51 129
52 84
53 157 116 170
54 89 164
55 59
56 59 94
57
58 127
59
60 164
61 110 117
62 132 172 106
63 154 86
64 150 154
65 152
66 147 117
67 130
68 125 167
69 171 75
70 107
71
72 134 128
73 86
74 119
75
76 167 166
77 123
78 161 133
79 104
80 111
81 106
82 128
83 112
84 146
85 143
86
87 97
88 119
89
90
91 161
92
93 168 127 107
94 144
95 134
96 101
97
98 111 135
99 100 160
100
101 140
102 151
103 145 136
104 113
105 156
106 170
107
108 117
109 163 170
110
111
112
113
114 127
115 160
116 126 124
117 118 174
118
119
120
121
122
123 141 153
124 137
125
126
127
128 150
129 152
130 148
131
132
133 164
134
135 167
136 165
137
138
139 154
140
141
142
143
144 151
145
146
147
148
149
150
151 173
152
153
154 169
155 170
156 158
157
158
159
160
161
162
163
164
165
166 174
167
168
169
170
171
172
173
174
