#.\graphGenerator.py 179
# GMT Thu Apr 13 12:30:00 2023
# 
0 27
1 147 49
2 76
3 82 67
4 129
5 163 110
6 87 154
7 112 114
8 85 168
9 104 40 117
10 117
11 23 170 169
12 28 95
13 29 21
14 42 154 167
15 76 114 170
16 103 36
17 70
18 167
19 52 173
20 173
21 41 53
22 32
23 144 146 167
24 46 83 27
25 44 29
26 121 75
27 119
28 48
29 165
30 36 138
31 153
32 153 175
33 166 57
34 116
35 119
36
37 116
38 68 113 90
39 159 152 97
40 140 131 86
41 59
42
43 97
44
45 72 138 92
46
47 72
48 172
49 96
50 118
51 100 127 129
52 70 91 99
53 83
54 116
55 120
56 117 178
57 158 124
58 107
59
60 106
61 90
62 173
63 158
64 128
65 169
66 173
67 135
68
69 128
70 89
71 92 171
72 77
73 145 151 135 109
74 90
75 91
76
77
78 118
79 109 136
80 176
81 106 93 157 177
82 162
83 118
84 124
85 107
86 134 149
87
88 102
89
90 176
91
92
93 141
94 132 173 101
95 150
96 163
97 102 149
98 113
99 171
100
101 161
102
103 139 124
104 137
105 161
106
107 133
108 139
109
110 116
111 123 129 142
112
113
114
115 164 154
116 137
117
118
119 172
120 145
121 143
122 175 152
123
124 136
125 152
126 146
127 150
128 174
129
130 164
131 169
132
133
134
135 160
136
137
138
139
140
141
142 156 178
143
144
145
146
147
148 154
149
150
151
152 168
153
154
155 168
156
157
158
159
160
161 176 168
162
163
164
165
166
167
168
169
170
171
172
173 177
174 175
175
176
177
178
