#.\graphGenerator.py 186
# GMT Thu Apr 13 12:31:46 2023
# 
0 65
1 24 29 182
2 92
3 4 128
4 114
5 104 130
6 51 63 144 32
7 33 145
8 61
9 62 87
10 17
11 20 14
12 77 73 98 133 26 163 99
13 89 173 100
14 185
15 165 123
16 67 55
17 92 145 72
18 101
19 135
20
21 38
22 28 170
23 80 171 72 49
24
25 139 150
26 136
27 171
28 30
29 156
30 41
31 175 146
32 84 59 35
33
34 129
35 53 45 180
36 49 115
37 130 178 131
38 60 171
39 180
40 138 154 106
41 88
42 157
43 176 168
44 168
45 95
46 74
47 148 84
48 55 59
49 137
50 143 172
51 113
52 70 185
53
54 82 90
55
56 109 108
57 116
58 123
59
60 128
61 90 123 185
62 66 174
63 74 120
64 175
65 93 73
66 160 100
67 153
68 178
69 168 149
70 125 106
71 122
72
73
74
75 84
76 111
77
78 171
79 148
80 124 142 149
81 119 143
82
83 181
84 96
85 178
86 122 176
87 159 153
88 141 179 105
89
90
91 183 174
92 177
93
94 127 105
95 126
96 97
97 181
98
99 166
100
101 114
102 142
103 111 185
104
105 134
106
107 173
108 172 176
109
110 162
111
112 115
113
114
115 150 182 165
116 135
117 125
118 120
119
120
121 139
122
123 146
124
125
126
127 184
128 131
129 176
130
131
132 172
133
134
135 169 163
136
137
138
139
140 157 166
141
142
143
144
145 180
146
147 176
148 167
149
150
151 161
152 155 157
153
154
155 170
156
157
158 174
159 164 166
160
161 176
162 184
163
164
165
166
167
168
169
170
171
172
173
174
175
176
177
178
179
180
181
182
183
184
185
