#.\graphGenerator.py 162
# GMT Thu Apr 13 12:26:12 2023
# 
0 25 70 143
1 79 151
2 140 28
3 128 48
4 40
5 114
6 127 40
7 39
8 146
9 144
10 23
11 23
12 85 124
13 66
14 45 34
15 75 147
16 74
17 139 60
18 32 52
19 36
20 28 51
21 22 131 46
22 111
23 24 81 49
24
25
26 121
27 159
28
29 64 158
30 68 120 34
31 134 77 32
32
33 126 89 152
34 105
35 87
36 130
37 117 60 54
38 93 153
39 120
40 118
41 123 121
42 133 160 139
43 124 58
44 126
45
46 134
47 56 108 99 57
48 151
49 102
50 112 150
51 57 135
52 159 64
53 137 95
54 95
55 153 110
56
57 132
58 61 127
59 73 62
60
61 82
62 71
63 146
64 78 94
65 97
66 147 83
67 141
68 113
69 106 122 110
70
71 156
72 152 76
73
74 122
75 107 88
76 155 151
77 91 135
78
79
80 104
81 154
82 96 149
83 103
84 138
85
86 129 115
87 151 157 115
88 101 158
89 92 136
90 112
91
92
93 141 114
94
95 148 138
96
97 142 103 114
98 125
99 118
100 129
101
102 155
103
104 115
105 139
106
107
108
109 161
110 161
111
112
113
114
115 142
116 119
117
118
119 121 156 147
120
121
122
123
124
125 141
126
127
128 146
129
130 133
131 143
132
133
134
135
136
137
138 153
139
140
141
142
143
144 151
145 150 154
146
147
148
149
150
151
152
153
154
155
156
157
158
159
160
161
