#.\graphGenerator.py 155
# GMT Tue Apr 18 14:21:21 2023
# 
0 72 134 91
1 64
2 110 3
3 10 30
4 17
5 137 45
6 8 118 40
7 55 124
8
9 13 135
10 56
11 67
12 56
13
14 35
15 112 77
16 104 81
17 47 70 148 120
18 69 121
19 39
20 34 99 152 96
21 62
22 55
23 24 100 45 52
24
25 68 139
26 79 48
27 65 66 90 97 96 125
28 69
29 100
30 95 76 154
31 61 93
32 149 130
33 136 123
34 71 87
35 105
36 44 41
37 107
38 108
39 57 131 40 151
40 141 153
41 111
42 132 58
43 82 88
44
45
46 72
47
48 103
49 73
50 80 130 76
51 124
52 75 153
53 58 134
54 90
55 64
56 126
57
58 106
59 73 124 143
60 146 127
61 139
62 154
63 92 138
64
65
66
67 74 106
68 101
69
70
71
72 109
73 116
74
75 102 117
76
77 97
78 115 84
79
80 98
81 111 91 114
82 105 84
83 103
84 144
85 101
86 122
87
88 126
89 133 138
90
91
92 113 142 145
93 121
94 108 141
95
96
97
98
99
100 129
101
102
103 119 140 146
104 107
105
106
107 125
108
109
110
111
112
113
114 115
115
116
117 143
118
119
120 137
121 124
122 147 144
123 135 152
124 127
125
126
127
128 138
129
130
131
132
133
134 151
135
136
137
138 150
139 150
140
141
142
143
144
145
146
147
148
149
150
151
152
153
154
