#.\graphGenerator.py 193
# GMT Thu Apr 13 12:32:39 2023
# 
0 81 17 108
1 103
2 26 98 181
3 73 172
4 84
5 97 168 157
6 128 189 154 150
7 82 148 171
8 90 69
9 91 163 37
10 36 18 81
11 147 187 58
12 97
13 32 124
14 75
15 116 140
16 149
17 140
18 151
19 48 94
20 104 57
21 190 42
22 65 154
23 61
24 171 106
25 91
26
27 83 180
28 112
29 90
30 74
31 34 174
32 135 174
33 34
34 64
35 117 133
36
37 51
38 120 113
39 187
40 76 161 113
41 127
42 116
43 75 68
44 126
45 130
46 84 113 77
47 118 117
48
49 141 96
50 112 111
51 146 111
52 67 182
53 183
54 188 133
55 136
56 125 152
57 108
58 138 165 154
59 77 146
60 78 134 93
61 103 182
62 98
63 74
64
65 131 111
66 72 153
67 156
68 106
69 104
70 172 122
71 114 189
72
73
74 79 100
75
76
77
78 94
79
80 126 185
81 145
82
83 106
84
85 115
86 177
87 99 98
88 133 144 163
89 145
90 100
91
92 184 174
93 121 135
94
95 183 150 175
96 130
97
98 160
99
100
101 123 142 166 152
102 133
103
104
105 191
106
107 143
108 165
109 173 177 170
110 139 134
111
112 130
113 129
114
115 151
116
117
118 149
119 155
120
121
122 183
123
124 162 178 185 177
125
126
127 132
128
129
130 176
131 169 143 186
132 180
133
134
135
136 139
137 166
138
139
140
141
142
143 182 170
144 157
145
146
147
148
149
150
151
152 191
153 155 167 161
154
155
156 158
157
158
159 164 172
160 191
161
162
163
164
165
166
167
168 181
169
170
171
172
173 180
174
175 192
176
177
178 179
179
180
181
182
183
184
185
186
187
188
189
190
191
192
