#.\graphGenerator.py 199
# GMT Thu Apr 13 12:33:56 2023
# 
0 4 6 151 15
1 197 16
2 189 160
3 143 148
4
5 16 31
6 101
7 173
8 126 157
9 150
10 51
11 124 161 84
12 140
13 17 64
14 114 139 182 183 195
15 113 144
16
17 174
18 135 87
19 149
20 173
21 198
22 77
23 98
24 153 113
25 133
26 152
27 80 118 94
28 127
29 43
30 165
31 76
32 48 185
33 112 138
34 149 67
35 47
36 79 147
37 179 47
38 57 105
39 116
40 194 176
41 80
42 132
43 197
44 155
45 78
46 110 185
47 98
48 83
49 101
50 173 112
51 84
52 157 196
53 158 138
54 103 163
55 97 104 141 133
56 121 161
57 64
58 108
59 81 61 150
60 85 83
61 195
62 97
63 178
64 159
65 119
66 116
67 96 177 74 76 171
68 90 117
69 82 164 115
70 160 184
71 106 149
72 92 137 139
73 196 179
74 109
75 117
76 132 191
77 180 115 135
78 168
79
80
81 93
82 100
83
84 85
85 116 131
86 165
87 193
88 181
89 165 120
90
91 128 184
92
93 152
94 191
95 119 126
96 117
97
98 145 155
99 129 183
100
101
102 127
103 150
104 163
105 160
106
107 193
108 151
109 181
110 147
111 126
112
113
114
115
116
117 175
118 134 122
119
120 155 125
121 136
122 140 184
123 188
124
125 198
126
127 150
128
129
130 186 156
131
132
133 135
134
135
136
137
138 141
139
140
141
142 171 186
143 192
144 172 188 164
145
146 166 149
147
148 187 179
149
150
151
152
153
154 190 162
155 162
156 173
157
158 167
159
160 168
161
162
163
164
165
166
167
168
169 174
170 193
171 176
172
173
174
175
176
177
178 186
179 185
180
181
182
183
184
185
186
187 193
188
189
190
191
192
193
194
195
196
197
198
