#.\graphGenerator.py 151
# GMT Tue Apr 18 11:12:34 2023
# 
0 127 108
1 21
2 126 48 20
3 42 92 85
4 137
5 117
6 41 14
7 112 22 109 44
8 73
9 74
10 110
11 91 115 27
12 75 104 129 72 150
13 61
14 88
15 21
16 131 119
17 68 105
18 37 78 139 64
19 67 139
20 92
21 144
22 58 125
23 26
24 124 78
25 114
26 97 85 148
27 81 76
28 132 103 150
29 99 96 144 117
30 146
31 95 51
32 138
33 94 41
34 61
35 142
36 63 143 109
37
38 65 89 67
39 72
40 135 57
41
42
43 105 116
44 124
45 69
46 48
47 63
48 98 136
49 86
50 107 150
51 134 76 72
52 96
53 56
54 130
55 83 134
56 131
57 140
58 86
59 145 110
60 106 122
61 123 84
62 80 90
63
64 103
65 79
66 103
67
68 146
69 124
70 85
71 115
72
73 148
74 85
75
76
77 101
78
79 122 137
80
81 149
82 106
83 148
84 92
85 114
86
87 101 110
88 112
89 93
90 122
91
92 133
93 147
94 121
95
96 142
97
98
99
100 112
101
102 147
103
104
105 117
106
107 140
108 146
109
110 141
111 120
112
113 148
114
115
116 147
117
118 126
119 145
120 121
121
122 130
123 138
124
125
126
127
128 150
129
130
131
132
133
134
135
136
137
138 141
139
140
141
142
143
144
145
146
147
148
149
150
