#.\graphGenerator.py 173
# GMT Thu Apr 13 12:29:19 2023
# 
0 54
1 34 149 108
2 49 62 118
3 84 135 79
4 52
5 65 90
6 11 36 55
7 54 150
8 46 63 73 160 100
9 103 128
10 53 162 30
11
12 26 170
13 151
14 142
15 130 82 152 38
16 83 127 112
17 56 83
18 107 129
19 150 86 99
20 23 48 161 145
21 116 162
22 51 143 170 127
23
24 66 153 53
25 145 101
26 155 168
27 158 85
28 71 98
29 30 109
30
31 44
32 164
33 58
34 38
35 135
36 113
37 115
38 118
39 78 141
40 160
41 167
42 93
43 169 90
44 133
45 151
46
47 137
48
49
50 76
51 144
52 115 117 78
53 104
54
55 106 65
56 126
57 67 155
58 125
59 70 65
60 67
61 150
62 93 122 105
63
64 162
65
66
67
68 140 73
69 109 113
70 159
71
72 98 111 156 150
73 154
74 91
75 128 78
76 87 97 94
77 108 78
78 100
79 112 131
80 92
81 106
82 165
83
84
85 129 119 113
86 131
87 91
88 123
89 130
90 157
91
92 138
93
94 152
95 164 161
96 120
97
98
99 120 132 117
100
101 151 149
102 158
103
104
105 139
106
107
108
109
110 124 111
111
112
113
114 116
115
116
117
118
119 125
120
121 147 161
122
123 132
124
125 134
126
127
128
129
130
131
132
133 146
134
135
136 141
137 167 161
138 141
139
140
141 172
142 172
143 146
144
145
146
147
148 162
149 171
150
151
152 157
153
154
155
156
157
158
159
160
161
162
163 170
164
165
166 169
167
168
169
170
171
172
