#.\graphGenerator.py 116
# GMT Thu Apr 13 12:11:19 2023
# 
0 49 13
1 56 29
2 10 63
3 111
4 27 98
5 80 114
6 104 109
7 73
8 75
9 12 25
10 92
11 35 87 107 64 79
12 24 13 81 108
13 18 30
14 25
15 51 66 90
16 31 70
17 86
18
19 35
20 52 72
21 61
22 36 84 97
23 36
24
25 68 113
26 88
27
28 79
29 76
30
31
32 93
33 65 106
34 83
35
36 44
37 85 100
38 74
39 111
40 112 57
41 99
42 97 108
43 101
44
45 48
46 57 76
47 106 115
48 74 66
49
50 59 88
51 70
52 94
53 73 114
54 87
55 93 110
56
57 60
58 71 83
59 100
60 111
61 93
62 83 91
63 82 103 94
64 98 72 110
65
66
67 92
68 77 105
69 104
70
71
72
73 79
74 78
75 101 92
76 91
77
78
79 89
80
81 102
82
83
84 109
85
86 113
87
88 102
89
90 108
91 108
92
93
94
95 104
96 97
97
98
99 105
100
101
102
103
104
105
106 113
107
108
109 114
110
111
112
113
114
115
