#.\graphGenerator.py 180
# GMT Thu Apr 13 12:30:04 2023
# 
0 128
1 54
2 141 100 147 70
3 105 78
4 78 70
5 134
6 140 106
7 107
8 103
9 146
10 58 152
11 40 145
12 158 95
13 35 97 21
14 161 57
15 65
16 102 92
17 153 46
18 78
19 88 70
20 134 144
21 61
22 122 92 42
23 168 33
24 39 167
25 96 57 61
26 64 143 88
27 111 119 60
28 34 80 102
29 32 87
30 99 60
31 115
32 103
33 55
34
35
36 164
37 61
38 133 39
39 169
40 165
41 68 84 46 155
42 146
43 101 168
44 118
45 117
46
47 112 156 136
48 152
49 126 135 95
50 94 105
51 128
52 87
53 164 95 91
54 60
55 149
56 137 105
57
58
59 87 77
60 146
61 114
62 99
63 125 129
64
65 144
66 178
67 175 120
68
69 113
70 174 179
71 74
72 91 128
73 133
74 114 82
75 124 162 109
76 132
77 107
78 148
79 144
80 172 128
81 105
82 118
83 89 163
84 154
85 123 167 157
86 166
87
88 106
89 110
90 164
91
92 142
93 108
94 139
95 127
96
97
98 149
99
100 117 150
101
102 166
103
104 118 130
105
106 115
107 131 110
108 163
109 173
110 129 151
111 113
112 132
113
114
115 157
116 146 149
117
118 171
119 177
120 145 147
121 156
122
123
124
125
126
127
128
129
130 151
131
132
133
134
135
136 158
137 163
138 145
139
140
141
142
143
144 159
145
146
147
148
149 170
150
151 178
152 175
153 170
154
155 162
156
157
158 176
159 168
160 168
161
162
163
164
165 173
166
167
168
169
170
171
172
173
174
175
176
177
178
179
