#.\graphGenerator.py 117
# GMT Thu Apr 13 12:11:23 2023
# 
0 106
1 66
2 62
3 38 11
4 19 73
5 28 95 100
6 100
7 98 83 76
8 57 74 91 116
9 20
10 72 88 22 96
11 93
12 45
13 100 101
14 101
15 104 25
16 54 39
17 25
18 19
19
20 21 72
21
22 107 25
23 109
24 96 48
25
26 84 114
27 43 83
28 46
29 49 45
30 81
31 66 79
32 70 77 91
33 109 106
34 38
35 110 109
36 92 50
37 71 73 69
38
39 94
40 61
41 91
42 99 58
43
44 113 45 116
45 97 51
46
47 77
48 64
49 103
50 86 104
51 81 87
52 85
53 102 59
54
55 62
56 58 83
57
58 111
59 92
60 105 82
61 77
62 68 88
63 67 89
64 103
65 91
66 76
67
68
69 101
70
71
72
73
74
75 106 79
76
77
78 110
79 89 100
80 114 115
81
82 84
83
84
85 97
86
87 112
88
89
90 95
91 93
92
93
94 114
95
96
97
98
99 108
100
101 113
102
103
104 115
105
106
107
108
109
110
111
112
113
114
115
116
