#.\graphGenerator.py 86
# GMT Mon Apr 17 23:37:32 2023
# 
0 31
1 65 85
2 15 40 22 44
3 14 18
4 34 65
5 67
6 52
7 24 30
8 27 41 76 34
9 37 36
10 78
11 22
12 74 81
13 57 39 17 79
14 32
15 35
16 71 59
17 18 75 83
18
19 20
20 62 36
21 69
22 50
23 36 85
24
25 49
26 46 63
27
28 57
29 76
30 75
31 43 54 77 59
32
33 59 78
34 42
35
36 48
37 67 79
38 72 39
39
40 80
41
42
43
44 59
45 48
46 81 78
47 63 51
48 52 84
49 56 73
50 55 66 82
51 69 52
52
53 63
54
55
56 64
57 60
58 61 70 80
59
60
61
62
63 68
64
65 73
66
67
68
69
70
71
72
73
74
75
76
77
78
79
80
81
82
83
84
85
