#.\graphGenerator.py 118
# GMT Thu Apr 13 12:11:35 2023
# 
0 115 23
1 33 59 65 18 3
2 57
3 56
4 91 67
5 16 35 49 98
6 87
7 15
8 91
9 11 25 38
10 26 39
11 76 52
12 86 46
13 66 67 44
14 23 63
15 61
16
17 69 88 115
18 111
19 56 96
20 89
21 72 23
22 62 89
23 100
24 83
25 94 37 110
26 68 44 102 108
27 36 41 42 83
28 31 108
29 103
30 36
31
32 106
33
34 60 54
35
36
37 55 87
38 49
39 113 51
40 41
41
42 101
43 99
44
45 73 54
46 49
47 100
48 94
49 96
50 57 65
51 81 60
52 80 85
53 82 107
54 96
55
56 114
57 70
58 77 91
59
60
61 117
62
63 74 117
64 85
65
66
67 71
68
69
70
71 83
72 116
73
74
75 98
76 99
77
78 112
79 114
80 105
81
82 84
83 93
84 90
85 103 109
86 107
87 95
88
89 99
90
91
92 103
93
94
95
96
97 112
98 117
99
100
101
102
103 106
104 105
105
106
107
108
109
110
111 112
112
113
114
115
116
117
