#.\graphGenerator.py 133
# GMT Thu Apr 13 12:12:46 2023
# 
0 50 29 26
1 80 97
2 40 63
3 17
4 36 125
5 126 73
6 72 78
7 32
8 54
9 44 58
10 113 83
11 50
12 69 14
13 106 47
14 20 111
15 119
16 77 68
17 30
18 84 85
19 71 115
20 52 68
21 89 70 112
22 35
23 94 73
24 100 130 115
25 102
26 92 105
27 49 74
28 96
29 61
30 71
31 45 103
32 33 40
33 86
34 103
35 111 113
36 119
37 123
38 76 127 115 40
39 41
40
41 90 53
42 120 48
43 121
44
45
46 73 113
47 117 60
48 66
49
50
51 132
52 105
53 114
54 75 57
55 107 123
56 121 115
57 66
58 103 93
59 61
60 122
61
62 95 123 102
63 70
64 104 102
65 122
66 80
67 94
68 87
69
70 74
71
72
73
74
75
76
77 112
78 99 123
79 98 122
80
81 110
82 103
83 102 106
84
85 102
86
87 91 101
88 98
89 118
90
91
92
93 94
94
95
96 118
97 126
98
99
100
101 114
102
103
104
105
106
107
108 129 110
109 110
110 120
111
112
113 128
114
115
116 122
117
118 125
119
120
121
122 132
123 124
124
125
126 131
127
128
129
130
131
132
