#.\graphGenerator.py 124
# GMT Thu Apr 13 12:12:02 2023
# 
0 56 104 44
1 72
2 43 63
3 99
4 121 72 80
5 33
6 27 123
7 18 19
8 22 102 65
9 85 34
10 83 23
11 115 20
12 27
13 79
14 93 113 39
15 44 78
16 69 83
17 69
18 90
19 94 116
20 100 29
21 81
22
23 87
24 105
25 60
26 41
27 107 59
28 107
29 120 66
30 72
31 101 111
32 41
33 98
34 70 99 53
35 89
36 87 77
37 52 41
38 79 121
39 88
40 51 87
41 72
42 50 116 123
43
44
45 76 77
46 51
47 91 112
48 112
49 70
50
51
52 61 92
53 88
54 112 103
55 102
56
57 84
58 114 101
59 80
60 71
61
62 90
63 122 77
64 88
65 89
66 81
67 96 118
68 97 100
69 89
70
71 74 105 91
72 109
73 102
74
75 81 86
76 119
77 110
78 110
79
80
81
82 112
83
84 93
85
86 92
87
88 103 100
89
90
91
92
93
94
95 118 112
96 117
97
98 102
99
100
101
102 108
103
104
105
106 110
107
108
109
110 112
111 112
112
113
114
115
116
117
118
119
120
121
122
123
