#.\graphGenerator.py 98
# GMT Thu Apr 13 12:07:44 2023
# 
0 30 49 31
1 94
2 77 76
3 79 59
4 33 36
5 29 80 60
6 64 32 28
7 87
8 78 51
9 14
10 23 28
11 38 96 22
12 65 74 51 48
13 74
14 43
15 27
16 54 76
17 83 40
18 56 91
19 58 34 84
20 77
21 65
22 63 35 80
23
24 31 93 32
25 50
26 50 63
27 70
28 87 89
29 43
30
31 37
32
33 89 60
34 76
35 44
36 77
37 39
38
39 59
40 66 54
41 75 67
42 57 90
43 61
44 69
45 65
46 57
47 95
48 73 93
49 68 72
50
51
52 62 84 97
53 90
54
55 93
56
57
58 82 94
59
60
61
62
63
64
65
66
67 79
68
69
70 94
71 92 79
72
73
74
75
76 81
77
78
79
80 85 95
81
82
83
84
85 86
86 91
87
88 91
89
90 96
91
92
93
94
95
96
97
