#.\graphGenerator.py 192
# GMT Thu Apr 13 12:32:30 2023
# 
0 93
1 139
2 102
3 21
4 54
5 25
6 102 175
7 32 97 161
8 39 121
9 23
10 172
11 113
12 84
13 119 51
14 112 131
15 185 95
16 73 108 60
17 127
18 105
19 31
20 28 114
21 79
22 101 72 163
23 31
24 173 47 125 79
25 113 116 143 165 123
26 97
27 77 153 147 90
28 103
29 111 34
30 164 137 39
31 181 78
32
33 44 142
34 38 144
35 117 164
36 41 172 74
37 130
38
39
40 158 187 72
41
42 130 137
43 46 119
44 57 106 174 121
45 156 80
46
47 118 96 169
48 81 186 63
49 97
50 62 117
51 141 160 184 94
52 145 75 124 150
53 85
54 186
55 140
56 133 76
57
58 79 91
59 113
60 66
61 172
62 136
63 120 76 182
64 84
65 85 73
66 156
67 177
68 138 178 134
69 170
70 149 81
71 94 156
72
73
74 161
75 78
76 162 82
77
78
79
80 133
81
82 127 177
83 86 100 179
84 101
85
86
87 89 129 97
88 128 145
89
90 128
91 98
92 175
93 118
94 140
95 178
96 151 123
97
98 105 135
99 170 138
100
101
102
103
104 178
105 148 157
106 167
107 168 171 147
108
109 180
110 154
111
112
113
114 131
115 142 179
116
117
118
119
120
121
122 182 169
123
124 183
125 188
126 146
127
128
129
130 163
131 135 191
132 161 145
133
134 177
135 190
136
137 154
138
139 167
140 166 150 180
141
142
143
144 156
145
146 189 191
147
148
149 159
150
151
152 165
153
154
155 176 165
156
157
158
159
160
161
162
163
164
165
166
167
168
169
170
171
172
173
174
175 181
176
177
178
179 180
180
181
182
183
184
185
186
187
188
189
190
191
