#.\graphGenerator.py 182
# GMT Thu Apr 13 12:30:23 2023
# 
0 55 165
1 124
2 133 43
3 18 132 86
4 66
5 127 13
6 168
7 173 133
8 85 178 62
9 99 140 34 102
10 97 129
11 147 118
12 66 42
13 56 119
14 157 130
15 73 119
16 60 149 42
17 110 102
18
19 40 170
20 29 76 39 109
21 169 119
22 98 171
23 59 167
24 36 96
25 61 107 136
26 171
27 160
28 48 155 63
29
30 53
31 67
32 45 78 34
33 174
34 122
35 150 101
36
37 50 126 104
38 136
39 72 142 163
40
41 95
42 89
43 174
44 74
45 96
46 53 88
47 97
48
49 153
50
51 131
52 115 175 164
53 159
54 181
55 111
56 167
57 70 162
58 158
59 145
60 128
61
62 69
63 177
64 100 181
65 112 138 105 152
66 118
67 172 147
68 119 157
69 176
70 156 153
71 102 134
72
73
74 103 175
75 173
76
77 127
78 166 90
79 127
80 95
81 136
82 101 157
83 180 95
84 89 92
85 146
86 127
87 152 123
88 149
89
90 120
91 109 153
92 100
93 176 120
94 131 164 136
95 144
96
97
98 179
99
100 104 171
101
102 143
103
104
105 136
106 115
107
108 137 129
109
110
111
112
113 172
114 149
115 139 168
116 162
117 158 177 146
118
119
120
121 181
122
123 161
124 159
125 154
126 148
127 151
128 134
129 149
130 137
131
132 170
133
134
135 178
136
137
138
139
140
141 159
142
143
144 150
145
146
147
148
149
150
151
152
153
154 161 155
155
156
157 165
158
159
160 169
161
162 174
163
164
165
166 174
167
168
169
170
171
172
173
174
175
176
177
178
179
180
181
