#.\graphGenerator.py 172
# GMT Thu Apr 13 12:29:12 2023
# 
0 115
1 18 38
2 6 3
3 8 163 134
4 43 161
5 71 154 19
6 88 136 12
7 114 21
8 106
9 74 27 125 143 84
10 113 145 34
11 20 31
12 131 73
13 102 50
14 67 34
15 118 16 76
16 109
17 47 127
18 21 167
19 138 58 135
20
21 151
22 108 44 62
23 117 52
24 78 147
25 137
26 80 50
27 77
28 91 143
29 152 131
30 50
31 110 36
32 159
33 44
34 153
35 137 57
36 72 58
37 61 104
38 47
39 59 60
40 66
41 157
42 115
43
44 99 160
45 90
46 101 126
47 79
48 153
49 92 106
50 103 138
51 170 93
52 122 133
53 120
54 129
55 112
56 142 69
57 129 75
58
59
60 109
61
62 64
63 118
64 73
65 146
66 107 106
67
68 108
69 167
70 127
71 90
72 84 127
73
74
75 154
76 100 120
77
78 120
79 86
80
81 164 145
82 127
83 125
84
85 146 169
86 121 87
87 159
88 126
89 123 153 93 120
90
91
92
93
94 158
95 147
96 161
97 148 127
98 124 170
99 140
100
101
102 112
103 130
104 124
105 110
106 157
107 162
108 141 156
109 169
110
111 170
112 161
113 134
114
115 140
116 141
117 128
118
119 147
120
121
122
123 165
124
125
126
127 144 147
128
129
130
131
132 155 158 146
133 171
134
135 168
136
137
138
139 144
140
141
142 150
143
144
145 166
146
147
148
149 154
150
151
152
153
154
155
156
157
158
159
160
161
162
163
164
165
166
167
168 171
169
170
171
