#.\graphGenerator.py 101
# GMT Mon Apr 17 23:50:45 2023
# 
0 53 38 93
1 85 10 100
2 64 56
3 71 63
4 60 27
5 69
6 57 25
7 96
8 79 11 13
9 74
10 48 76
11 49 52
12 70
13 47 19
14 30 29
15 73
16 92
17 50 97
18 20
19 76
20 26
21 22
22 93 76
23 85
24 35 96
25 44
26 60
27 65 62 28 61
28 80 82 78
29 36
30
31 32
32 59 73 96
33 68
34 46
35 69
36 98
37 62
38 67
39 86 92 78
40 54 62
41 43
42 68
43 94
44 80
45 86
46 82
47
48 84
49
50
51 91 99 100
52 70
53
54 89
55 71
56 87
57 63
58 94
59
60
61 94
62 77
63 72
64
65
66 95 92
67 83 88
68 94
69 97
70 87 90
71 75
72
73
74 76
75
76
77
78 98
79
80
81 96
82
83
84
85
86
87
88 96
89
90
91
92
93
94 97
95
96
97
98
99
100
