#.\graphGenerator.py 144
# GMT Thu Apr 13 12:14:07 2023
# 
0 103
1 89 107 45
2 25 81
3 32
4 94 109 91
5 105
6 96 12
7 82 128 96
8 67 28
9 117 85
10 54 92
11 87 129
12 77 52 105
13 64
14 80 116
15 62
16 136 80
17 47 90
18 137 136
19 31
20 139
21 84 83
22 75 132 110
23 38 49
24 26 52
25
26 135
27 78 50
28 123 110 86
29 31 75
30 90
31
32 124
33 115 74
34 127
35 47
36 88 134
37 143
38 76 92 111
39 127 134
40 79
41 112
42 46 138
43 131
44 143
45 75
46
47
48 56 88
49 106
50 118
51 103
52
53 64 103
54 100
55 62 98
56
57 130 135
58 95 133
59 65 99
60 85 120 105 80
61 87
62 112 125
63 72 128
64
65 97
66 126 91
67
68 142
69 83 99 106
70 71 86 88
71
72 103
73 129 108
74 132
75
76
77 101
78
79 139 130
80
81 122 118
82
83
84
85
86 113
87
88
89
90 100
91 118 101
92
93 129
94
95
96
97 121
98 115
99
100
101
102 131
103
104 111
105
106 135
107
108 126
109 138
110
111
112
113
114 117
115
116 133 131
117
118
119 123
120
121
122
123
124 133
125 131
126
127
128
129
130
131
132
133
134 142 143
135 140
136 141
137
138
139
140
141
142
143
