#.\graphGenerator.py 197
# GMT Thu Apr 13 12:33:18 2023
# 
0 13
1 154 3
2 114 177
3 18 84
4 127 157 56
5 171 147
6 159 151
7 175
8 102 171
9 122 190
10 132
11 32 143
12 40
13 166 37
14 112 52
15 179
16 167 88
17 32
18
19 117
20 73
21 188
22 40
23 104 194
24 189 175
25 37
26 110
27 68 80 44
28 42 30 186 77
29 65 109
30 160
31 132 84
32
33 99
34 83 57
35 176 70 80
36 147
37 98
38 170 188
39 145 168
40 123 174 159
41 99
42 117
43 111 190 50
44 130 121
45 106 56
46 158 104
47 89 96 159
48 137 179
49 156 196
50 78
51 179 158
52 75 102
53 146 157
54 92 151
55 73 147
56 165 131
57 143 106
58 152
59 118 96
60 72 164 142
61 177
62 178
63 155
64 109 101
65
66 124 194
67 150
68 169
69 96
70 126 148 129
71 116 187 86
72
73 128 99 86
74 177
75
76 148
77 144
78 168 151
79 149 110
80
81 84 96
82 113 134 162 175 157
83 181
84
85 152 110 100
86 98 100
87 93
88 116
89 135
90 147 129
91 178
92 94
93 191
94
95 146
96 119
97 127
98
99 120
100
101 195 121
102 191
103 156
104 125
105 141 129
106
107 134
108 180
109 193
110 144
111
112
113
114
115 172 157
116
117
118 188
119 121
120 177
121 183
122 133
123 140
124 161
125 178
126
127
128
129
130
131 139
132
133
134
135
136 190
137
138 166
139 169
140
141
142 192
143
144
145
146
147 153
148
149
150 191
151 164
152
153 185
154
155 166
156 192
157
158
159
160 184
161
162 180
163 183
164
165
166
167
168
169
170 182
171
172
173 181
174
175
176
177
178
179
180
181
182
183
184
185
186
187
188 194
189
190
191
192
193
194
195
196
