#.\graphGenerator.py 157
# GMT Thu Apr 13 12:25:39 2023
# 
0 46 136
1 44 26
2 48
3 66 34
4 149 93
5 48 38
6 30
7 34
8 143 93 127
9 150 54
10 115
11 71 82 117 14
12 123 84 128
13 14 49
14
15 70
16 145 62
17 47 129
18 120
19 33 42 104
20 78 144 40
21 105 118
22 90 103
23 118
24 61
25 32 137 123
26 113 118
27 90
28 93
29 134
30 52 125
31 126
32 120 139
33 43
34 77 155
35 114 135
36 105
37 108
38 61 87
39 125
40 139
41 106 45
42 130
43
44 140 134
45 49 57
46
47 99 94 147
48
49
50 58 131
51 146 134
52 79 153
53 113
54 76
55 133
56 104
57 66
58
59 134
60 92
61
62 96 142 156
63 105
64 110 119
65 128 89
66 122
67 100 91
68 119
69 152 87
70 98
71
72 88
73 106
74 142
75 76
76 131 108
77
78 138
79
80 108 121 84
81 122
82
83 92
84
85 107 105
86 151
87 110
88 127
89 93
90
91 148
92 148 136
93 104
94 141
95 145
96
97 145
98 154
99
100
101 119 115
102 111
103 109 147
104
105
106
107
108
109 118
110
111 128
112 140
113 135 151
114
115 134
116 126 136
117 154
118
119
120
121 155
122
123
124 125
125 137
126
127 146
128
129 156
130
131
132 145
133 148
134
135
136 156
137
138
139
140
141
142
143
144
145
146
147
148
149
150
151
152
153
154
155
156
