#
# GMT Tue Jan 10 12:19:28 2023
# 
0 52 361
1 113
2 206 223 334 292
3 255
4 186
5 287
6 241 360 308 118
7 156 419 77 404
8 346 354
9 315 118 375
10 88 373 280
11 398
12 119 448
13 94
14 420
15 422 159
16 141
17 105
18 21 137 156
19 443
20 305
21
22 271
23 261 36
24 119
25 95
26 351 437 35
27 108 176
28 440 273
29 155 380 381 151 362
30 327
31 243 303 44
32 49 214 159 164
33 408 432 308
34 219 244
35 344
36 364 211
37 321 184 308
38 258
39 40
40 229
41 336 276
42 190 264
43 236
44 227 430
45 442
46 348
47 280
48 345
49
50 239 54
51 401 187
52 94
53 343 181
54 58 428
55 86
56 349
57 329
58 98 172 356 292
59 176 324
60 320
61 255 148 449
62 375 316
63 372
64 111
65 264
66 186 322 425
67 195
68 181
69 274
70 109
71 420 316 202
72 267
73 223
74 217
75 205 95
76 151
77 285
78 354 189
79 171
80 372 349
81 165
82 417 344 345
83 282
84 264 113 427
85 436 336
86 195
87 199 182 333 209
88 305
89 446
90 258 157
91 144
92 189
93 136
94
95 109 331
96 249
97 163 231
98 130
99 191 310 417
100 444 362
101 175
102 197
103 295
104 175 110
105 386
106 213 220 187
107 443 258
108
109 162 293 371
110 150
111 330 350
112 337 292
113 391 385
114 408
115 438
116 162
117 376
118
119 215 267 348
120 126
121 153 358
122 306 413
123 252 311 399 396
124 289 365 363
125 366 235 362
126 403 319
127 351
128 339 187
129 338 339
130
131 200 362 301
132 421
133 217
134 138
135 180 151
136 354
137
138 373
139 233
140 207 391
141 177
142 326 278
143 328 147 241
144 182
145 404
146 418
147 154 370
148 332 357 349
149 221
150 274 352
151 329
152 340
153 387
154
155 188
156
157 437
158 200
159
160 267
161 405
162
163
164 194 428
165 447 368
166 384
167 312 431
168 196 224 349
169 402 367
170 343
171 238
172
173 251 338
174 271 393 329
175 413 441
176
177 279 234 325
178 247
179 300 396 354
180
181 306
182 225
183 237
184 228
185 297
186
187 250 383
188
189 319 407 299
190
191
192 204
193 429 391
194
195 435 361
196
197 439
198 396
199
200 203
201 309 270 228
202 368
203
204 358
205 345
206
207
208 416 327
209 272 348
210 257
211 324
212 363
213
214
215
216 359 242
217 330
218 287
219 232
220 325
221 320
222 351
223
224
225
226 423 244 344
227
228 313
229 290
230 354
231 256 398 266
232
233 297
234 397 405
235 434
236 386
237 247 291
238 271
239
240 248 280
241
242 335 386 311
243 246
244 448
245 256
246 400
247
248
249 363 273 270
250
251 395
252 284
253 261
254 390
255 446
256
257 358 384 398
258
259 351
260 288 414
261
262 314
263 336
264 282
265 358
266 302 274
267 314
268 300
269 445
270 347
271
272
273
274
275 300
276 435
277 315
278 443
279
280 297 386
281 311
282
283 295 301
284
285 421
286 432
287 355
288
289
290 371
291 414
292
293
294 382
295 317
296 442 345
297 368
298 369
299 320
300 414
301 412
302
303 340 427
304 401
305
306
307 313
308
309
310 341
311
312
313
314
315
316
317
318 320
319
320 392
321
322
323 429
324 402
325
326
327 417
328
329 374
330 418
331 339
332
333 378
334
335 404
336
337 388
338
339
340
341 411
342 445 433
343 409
344 389
345
346
347 355 361
348
349
350 400
351
352 432
353 428 382
354
355
356 376
357
358 367
359
360 369 426
361
362
363
364 410
365
366 431
367
368
369
370
371
372 392
373 425 412
374
375
376
377 382 411
378 433
379 380
380
381
382
383 399
384 430
385 439
386
387
388
389
390 423
391
392
393
394 420
395
396
397
398
399
400 406
401
402
403
404
405
406
407
408
409
410
411
412
413
414
415 425
416
417
418
419
420
421
422
423
424 431
425 438
426
427
428
429
430
431
432
433
434
435
436
437
438
439
440
441
442
443
444
445
446
447
448
449
