#
# GMT Tue Jan 10 12:19:19 2023
# 
0 352
1 57 138 226
2 202
3 297
4 251 367 366
5 360
6 10 122 299
7 212
8 251
9 334 27
10
11 245 25
12 215
13 372 123 170
14 318
15 73 37
16 350 56
17 26 197 133 113
18 270 141
19 237
20 228 114
21 65
22 52
23 58 70
24 149 380
25 331
26 36
27 355
28 225
29 398
30 51 207
31 151
32 187 263 38
33 99 134
34 69
35 135
36 46 316
37 372
38 123
39 63 342 197
40 91
41 376 341
42 208
43 203 298 117
44 179 60
45 113
46 189
47 48 85 202
48
49 241
50 317 369 52
51 259
52 265 311 214
53 385
54 112 373
55 237
56 348
57 119
58 113
59 218 93
60 95 192 253
61 99
62 256 143
63
64 282 288
65 158 335 209
66 241 264 373 230 226 259
67 253 109
68 234 243
69 134 132 173 204
70 294
71 217 324 359 81
72 97
73 143 155
74 190
75 111
76 333
77 253
78 160 152
79 237
80 376
81 380 168
82 377
83 268 291 329
84 323 87
85 156 296
86 124
87 159
88 371 357
89 200 306 182
90 133
91 396
92 389 258
93 177 287
94 281 204 360
95
96 199 234
97 293
98 362
99
100 172
101 161 238
102 315 173
103 377 385
104 193 247
105 308 391 338
106 261 332 362
107 247 382 300
108 302 391
109 128 227
110 185 299
111 305
112
113 338
114 196 399
115 213
116 248
117 261
118 279 373
119
120 363 291
121 162
122
123 355
124 290 331
125 389
126 259
127 322
128
129 336
130 214 288
131 266
132 190 154
133 356
134
135 184
136 233
137 152
138 309 314 152
139 258
140 336
141 220 314
142 360 331 205
143
144 361
145 193
146 269
147 294 332
148 353
149 198
150 153
151 366
152 246 329 169
153 285 341 169
154 208
155 287
156 206
157 305 384 196
158
159 342
160 353
161 186
162 227 267 335
163 374 329
164 211 303 168 398
165 257 175
166 178 318 243 213
167 205
168 272 348
169
170 333
171 295
172 348
173
174 285
175 368
176 306
177
178 249
179
180 242 341
181 392
182 209 278
183 396 311
184 379 346
185
186
187
188 244 276
189
190
191 238
192
193
194 349 239
195 269 349
196
197
198 212
199
200
201 233 270
202 242
203
204
205 230
206
207 276
208
209
210 229 297 322
211
212 340
213 362 282
214
215 371
216 386 383
217
218 388 280
219 318
220 337
221 240
222 282
223 306
224 376
225 266 248
226
227
228 343
229
230
231 313
232 323
233
234 383
235 237 375 268
236 241
237
238 394 275
239 240
240 292 341
241
242
243
244 325
245 255 381
246 354 278
247
248 361 280
249
250 368
251
252 330 302
253
254 370
255
256
257
258 366 275 390
259
260 275
261
262 397
263 276
264
265
266
267 357
268
269
270 395
271 388
272
273 311
274 398 292
275
276
277 348
278
279
280 393
281
282
283 392 306
284 311
285 358 299
286 307 397 363
287
288 364
289 293
290
291
292
293 377
294
295 298
296 339
297 364
298
299 347
300 356
301 337
302 312 333
303
304 325
305
306
307 336 345
308
309
310 347
311
312 365
313 327 337
314
315
316
317
318
319 378 371
320 325
321 397
322 399
323
324
325
326 334
327 344
328 353
329 387
330
331
332
333
334
335
336
337
338
339
340
341 390
342
343
344 370
345
346 366
347 385
348
349
350
351 368
352 362
353
354
355
356
357
358
359
360
361 368
362
363
364
365
366
367
368
369
370
371
372
373
374
375
376
377
378
379
380
381
382
383
384
385
386
387
388
389
390
391
392
393
394
395
396
397
398
399
