#
# GMT Tue Jan 10 12:19:36 2023
# 
0 330 207 186
1 22
2 466
3 292 165
4 323 450
5 203 352 55 267
6 139
7 79 182 119
8 328
9 410 219 408
10 40
11 415
12 13
13 269 261
14 263
15 444 201
16 381 388
17 118 58 187
18 370 400 391
19 267
20 207
21 210 225 439 471
22 29
23 449
24 213
25 380 240
26 339 241
27 205
28 231 193
29 498 152
30 38 274
31 487
32 81 395
33 361
34 290
35 232 402 196
36 221 362 345
37 39 118
38
39 306 419
40 191 274
41 433 378
42 367 455
43 132 375 312
44 382
45 231
46 221
47 105
48 286
49 411
50 460
51 412 468
52 287 170
53 441 287
54 393
55 453
56 109
57 139
58 432
59 416 349
60 268
61 268 449
62 189 242 201 333
63 276 107
64 375
65 119 470
66 73 443 97
67 485 401
68 168 368
69 98 438
70 273 281 377 499
71 274 142
72 129
73 167
74 398 467
75 246
76 83 362
77 490
78 360 130
79 452
80 138 264
81
82 289
83 300 333
84 473 488
85 470 478 497
86 274
87 368 329
88 108
89 104 125
90 194
91 175
92 186 173
93 335
94 310
95 233 356
96 455 260
97 204
98
99 215
100 401 220
101 421 436
102 226
103 471
104 385 275
105 272
106 178 338
107 415 478
108 350 121
109 414
110 382 313 434
111 454 475
112 309
113 495 431
114 370
115 341
116 270
117 228 198
118
119
120 210
121 496
122 230
123 329
124 354 279
125 155 459 342
126 258
127 411
128 436 424
129 139 332
130 345
131 319 356
132
133 206 476
134 158
135 241
136 298 147 248
137 342 356
138
139 140 266
140
141 406 407 425 392
142 180
143 224
144 403
145 156
146 361 152
147 154 431
148 160 472
149 289 383
150 347
151 393 417
152 471 478
153 179 289
154
155
156 228
157 282 260 219
158 261 355
159 267 440
160
161 349 253
162 190 214
163 343
164 172
165 293 303
166 387 296
167
168 246
169 218 320 459
170 353 472
171 248
172 439
173 298
174 371 443
175 417
176 202 429 321 418
177 486 352
178 263 493
179
180 403 228
181 230
182 395 295
183 322 438
184 263
185 285 286 437 345 234
186 310
187 321
188 422
189
190 327 457
191
192 271 335
193 465 255
194 365 245 490
195 278 416
196 266
197 256
198 467
199 452
200 426
201 226
202
203
204 372
205 321
206 284
207 451
208 321
209 445 248
210
211 449 214 215
212 388 471
213 442 496 275
214
215 334
216 260
217 226
218
219 331
220 323
221 456
222 332 302
223 411 265
224 240 300
225 341
226 413
227 285
228
229 489
230 482
231
232
233
234 397 343 422
235 450 307
236 496
237 264 455
238 254 270
239 326 447
240
241 372
242
243 435
244 408
245 312
246
247 278
248 346
249 489
250 271
251 336
252 440 499
253 378 468 472 489
254 374
255 481
256 351
257 484
258 390 499
259 446
260 466
261
262 438 390
263 366 405
264
265 274
266
267
268 480
269 376
270 304 423
271
272 378
273
274
275
276
277 408
278
279 478
280 320
281
282
283 494
284 359 487
285
286
287 346
288 458 333
289 404
290 486
291 491
292
293
294 344
295 386
296 428
297 349
298
299 329
300
301 479
302 371
303 475
304
305 337
306
307 396
308 372 427
309 329
310
311 475
312
313 392
314 363
315 391 439
316 475
317 335 455
318 423 477 322
319 448 490
320 491 494
321
322 483
323 475
324 434 423
325 407
326
327
328 427 357
329 348
330
331 481 338
332
333
334 373 494
335
336 464
337 463 490
338
339
340 389 409 487
341
342
343 488
344 351 404
345
346 430
347 353
348 401
349
350
351
352
353
354
355 496
356 467
357 398
358 375
359 460
360
361
362
363 424 452
364 400
365
366
367
368
369 383
370
371 422
372 420
373
374
375
376
377
378
379 473
380
381 383
382
383 394
384 387
385
386 476
387
388 418
389
390
391 428
392
393
394 482
395
396 418
397 462
398
399 451
400
401
402
403
404
405
406
407
408 422
409
410
411 426
412
413
414 499
415
416 484
417 439
418
419
420
421
422
423
424
425
426
427
428
429
430
431
432
433 435
434
435
436
437
438
439
440
441
442
443
444
445
446 449
447 464
448
449
450
451
452
453 489 467
454
455
456
457 492
458
459
460
461 469 496
462
463
464 475
465
466 474
467
468
469
470
471
472
473
474
475
476
477
478
479 492
480
481
482
483
484
485
486
487
488
489
490
491
492
493 497
494
495
496
497
498
499
