#.\graphGenerator.py 93
# GMT Thu Apr 13 12:07:21 2023
# 
0 73
1 7
2 50 60
3 13 89 63
4 11
5 86 81
6 10
7 29
8 27 70
9 45 79
10 17 59
11 15 83
12 59 42
13 34
14 19 52 49
15 74
16 71 33 28
17 39 58
18 90 85
19
20 56
21 84
22 88 57
23 80
24 64
25 80 75
26 73
27 66
28 72 74
29 31 49 43 90
30 41
31
32 54 69 43
33 63
34
35 68
36 79 41 90
37 77 62 78
38 43
39
40 85
41 60 83
42 87 55
43 75
44 61
45
46 81 47
47 64 82 85 92
48 68 59
49
50
51 53
52
53 91 58
54
55 84
56 80
57 91
58
59 65 76
60
61 84
62 84
63
64
65
66
67 89
68
69
70 82
71
72
73 91
74
75
76
77
78 92
79
80
81
82
83
84
85
86
87
88
89
90
91
92
