#.\graphGenerator.py 174
# GMT Thu Apr 13 12:29:26 2023
# 
0 23 103 91
1 47 100 104 64 127
2 84
3 94
4 14
5 39
6 13 30 132 21
7 164 169 70 45
8 91 9
9 32 74 162 160
10 82 130
11 149
12 165
13
14 93 82
15 118
16 57 62 165
17 172
18 24 103
19 118 104
20 92 84
21 75
22 87 71
23 148
24 59 166
25 131 141
26 63 89
27 135
28 136 85
29 50
30
31 162
32
33 156
34 48 43 101
35 155 124
36 107 102 60
37 108 141 61
38 84
39 102
40 121 66
41 153
42 90 106 60 43
43 66
44 132
45 78 97
46 91
47 99
48
49 89 88
50 67 169
51 111 70
52 159
53 69 117 166
54 61 114
55 58
56 129 171 152
57
58 136
59
60
61
62 149
63
64 159
65 91
66
67
68 121
69
70 144 160
71 95 132
72 109 100
73 77 133
74
75 78
76 167 113
77
78
79 115 126
80 102
81 123 155
82
83 108
84 149
85 128
86 151
87 127
88 116
89
90
91 146
92
93 128
94 150
95 119
96 135 119
97 173
98 129
99
100
101 168
102 116
103
104 158
105 130 163
106
107
108
109
110 136
111 165
112 143
113 125 145 128
114 152 165
115 122
116
117 163
118
119
120 132
121
122
123 140 151 161
124 160
125
126 133 135
127 154
128
129
130
131 156
132
133
134 153 149
135
136
137 140
138 142 167
139 163
140
141 172
142
143 155
144
145
146
147 152
148
149
150 158
151 157
152
153
154
155
156
157
158
159
160
161
162
163
164
165 168
166
167
168 170
169
170
171
172
173
