#.\graphGenerator.py 95
# GMT Thu Apr 13 12:07:29 2023
# 
0 85 52
1 10
2 53 36
3 13
4 39 72 17 6 61
5 88 12
6 15
7 11 58
8 67 31
9 47 40 94
10 58 94
11 35 90
12 29 44
13 76 29
14 60
15 55 84 87
16 37 66 35
17 63
18 69 42
19 65 48
20 45 75
21 52
22 59
23 74
24 54
25 60
26 27 47
27 41
28 33
29
30 41
31 86
32 70
33 93
34 77 71
35
36 90
37
38 42
39
40 44
41
42 72
43 87
44
45
46 64
47
48 92
49 62 84
50 82 93 75
51 74 81 86 53
52 93
53
54 65
55 73
56 68
57 92
58 79 92
59 78 86
60 78
61 92
62
63 64
64 71
65
66
67
68 73
69
70 90
71
72
73
74
75 89 83
76
77
78
79
80 86
81
82
83 91
84
85
86
87
88 91
89
90
91
92
93
94
