#.\graphGenerator.py 114
# GMT Thu Apr 13 12:11:15 2023
# 
0 2 12 83 59 54
1 16 67 100
2
3 11 18 54
4 50 101 17
5 30 54 52
6 107 75
7 86 56
8 27
9 70 27
10 61
11
12
13 103 89 108
14 47
15 19 32
16 42
17 38
18
19 106 48
20 27 108
21 22
22 75
23 82 89
24 97
25 33 87 40 34
26 71 98
27
28 91 70
29 76 102 36
30
31 61 49 39
32 39
33
34 96
35 94
36 85
37 44 95
38 55 78 107
39 74 59
40 99
41 88 64
42
43 80
44 105
45 52 113
46 60
47 104
48 79 84
49 62
50
51 69 108 84
52
53 69
54 97
55 68
56 75
57 109 85 112 77
58 112
59
60 73
61
62 104
63 93
64 65 66
65
66 99
67
68
69 93
70
71
72 90 98 76
73 81 96
74 92
75 88
76
77 94
78 94
79
80 109
81
82
83
84
85
86
87
88
89 95
90
91 111 96
92
93
94
95
96
97 100
98
99
100
101
102 110
103
104
105
106
107
108
109
110
111
112
113
