#.\graphGenerator.py 121
# GMT Thu Apr 13 12:11:45 2023
# 
0 77 48 18
1 53 59 29
2 25 97
3 88 87
4 61 39 21
5 13
6 68
7 68
8 91
9 111
10 64 13
11 27 120
12 111
13 38 24
14 117
15 48
16 112
17 23 55 101 78
18 71 39
19 22
20 84 115 56
21 120
22 32 116
23
24 115
25 118
26 58 28
27 92 109
28 85 49
29 68 102 118
30 84
31 100
32 110
33 113
34 65 83 91 117 82
35 98 55
36 96 50
37 76
38 70
39 93
40 44 46
41 47
42 120
43 80 54
44
45 74 79 47
46 104 106 50
47 95 48
48 119
49 105
50 51
51 90 89 109
52 69 97 103
53
54 55
55 67 108
56 82 101
57 86
58 103
59 94
60 86
61
62 111 85
63 86
64 99 112
65
66 103
67
68
69
70 73 86
71
72 90
73
74
75 76 113 86
76
77 100 78
78
79
80
81 88
82
83
84
85
86
87 116
88
89 116
90
91
92
93
94
95
96
97
98 114
99
100
101
102
103
104
105 107 119
106
107
108
109
110
111
112
113
114
115
116
117
118
119
120
