#.\graphGenerator.py 131
# GMT Tue Apr 18 01:02:53 2023
# 
0 22 120 108
1 67 41
2 50 69 114 128
3 15 97 109
4 123 125 84
5 112 53
6 55
7 38 51 9
8 48
9 42
10 13 101 34
11 80 33 40
12 73
13
14 19 47
15
16 18
17 85 35
18 71
19
20 40
21 81 91
22
23 47
24 99 32 40
25 68
26 42 48
27 72
28 107 106
29 91 124
30 52 32
31 122 57
32 128 34
33 73
34 53
35 111 119
36 44
37 42
38
39 58
40 93
41 102
42
43 118
44 65 68 62
45 54 98
46 92 66 70
47 98 102
48 114
49 101
50 100
51 94
52
53
54 93
55 71 76
56 83 69
57 124 109
58 113 88
59 102 115
60 120
61 104 69
62 118 73
63 71
64 111
65
66 95
67
68 126
69 103
70 126
71
72 76
73
74 87 101
75 116
76 88
77 109
78 116 91
79 82 91
80 90
81
82 110
83
84 129 97
85
86 109
87
88 96
89 129
90
91
92
93
94 127
95
96 122
97
98
99 119
100
101
102 105 108
103
104
105
106 120
107 121
108
109 117
110
111
112 117
113
114
115 130
116
117
118
119
120
121
122
123
124
125
126
127
128
129
130
