#.\graphGenerator.py 149
# GMT Thu Apr 13 12:14:59 2023
# 
0 49 86 102
1 23 45
2 107 37 140
3 27 76 75
4 36 59
5 39
6 44 14
7 113
8 46
9 120 69 58
10 42
11 62 73 127
12 55 40
13 62
14 41 22
15 127 139
16 20
17 42
18 22 68
19 77 120
20 52
21 78
22 24
23 87 29
24 131
25 35 64
26 80 63
27
28 123 138
29 101
30 70
31 125 83
32 77
33 92
34 146
35 132
36 95
37 58
38 96 60
39 122 96
40 135
41
42 50 146
43 45 49
44 52
45 71 97
46 51 53 67 124 107
47 135
48 66 76
49 133
50
51
52 92
53
54 77
55 115
56 92
57 69
58 61 65
59 146
60 128 139
61
62
63 98 125
64 85
65 75
66 81 112
67
68 141 86
69 91 110 129
70 109 80
71
72 88
73
74 78
75
76 147
77
78 136 93
79 138
80 88
81
82 123
83 135
84 114
85 135 142
86 105 90
87
88
89 130
90 116 144
91
92
93 98
94 146 134
95
96 104 140
97
98 113
99 100
100 135
101 114 117 108
102 139 148
103 138
104
105
106 113
107 119
108 111 118 126
109
110
111
112
113 143
114
115
116
117 121
118
119
120
121
122
123
124
125 145
126
127
128 137 138
129
130 135
131 142
132
133
134 143
135
136
137
138
139
140
141
142
143
144
145
146
147
148
