#.\graphGenerator.py 78
# GMT Mon Apr 17 23:31:10 2023
# 
0 37 5
1 21 72
2 6
3 11
4 24 41 29
5 66 51
6 17 36
7 21
8 46 12
9 65
10 14
11 15 63 41
12 58
13 54 47
14 57
15
16 31 66
17
18 24
19 40
20 28
21 52 51
22 41
23 30 56 28 57
24 53
25 67 73 48
26 49
27 36
28 61
29 44
30
31 55
32 65 59
33 45 77
34 49 59 70
35 71 36
36 47
37 75
38 64
39 42 48
40 60
41 68
42
43 45
44 71
45 74
46
47 62 48
48 52
49
50 76
51 76
52
53
54
55
56
57 69 74
58 64 75
59 72
60 67
61
62
63
64
65
66
67
68
69 70
70
71
72
73
74
75
76
77
