#.\graphGenerator.py 190
# GMT Thu Apr 13 12:32:10 2023
# 
0 126 97
1 63 75
2 28 105
3 158 123
4 24 62
5 130 79 98
6 76
7 11 107 158
8 115 36
9 45 58
10 118 150 91
11
12 160
13 144 44 189
14 21 87 38
15 27 38
16 46
17 185
18 68
19 37
20 113 97
21
22 58 168 106 115
23 97
24 176
25 156 96
26 30 128
27
28
29 169
30 39
31 134 59
32 98
33 172 79
34 150
35 127
36 50
37 117
38 97
39
40 146 174
41 43
42 125
43 136 90
44 147 175
45
46 103 73 102
47 127 87
48 186
49 126
50 142
51 96 182
52 132 86
53 98 184
54 70 84 56
55 57 111
56 180 154
57 108 121
58
59 115
60 65
61 86 101
62 106
63 95 64
64 165
65 91
66 112 185
67 111 189
68 131 91 179
69 109 137
70
71 177
72 97 106
73 188
74 128 115
75 176
76 174 149
77 137
78 141 152
79 187
80 82
81 92 120
82 125
83 181 87
84
85 166
86 143 182
87 88
88
89 163 149
90 134
91 167
92 160
93 114
94 181
95 114
96
97
98
99 119
100 117 132
101 175
102 186 155
103
104 135
105 173
106
107
108
109
110 116 140 146
111
112 162
113
114 122
115
116
117 177 123
118
119 156
120 184 132
121
122
123
124 179 158
125 133
126 148
127
128
129 153 184
130
131 161
132
133 150
134
135 185 163
136 157
137 178
138 157
139 156
140
141
142 163
143
144 166
145 169 183 159
146
147 154
148
149 152
150
151 174
152 171 160
153
154
155 163
156
157 170
158
159 176
160
161
162
163
164 178 184
165
166
167
168
169
170
171
172
173 181
174
175
176
177
178
179
180
181
182
183
184
185
186
187
188
189
