#.\graphGenerator.py 112
# GMT Tue Apr 18 00:14:22 2023
# 
0 2 55
1 91 101
2 101 73
3 18
4 36
5 100 53
6 8
7 92 74
8 62
9 61 77
10 79
11 84 87
12 69 99 111
13 89
14 109
15 56
16 17 43
17 32
18 84
19 81
20 34
21 110
22 39 41 40
23 49 55 45 74
24 105
25 43 82
26 79 107 56
27 68 29
28 40
29 90 83
30 95
31 36 87 86
32 104
33 42 74 88
34 89 81
35 64
36 44
37 88 61
38 63 77 111
39
40 42
41 59
42
43 54 67
44
45 53
46 64 103
47 60
48 49
49
50 76 56 68
51 52
52 65
53 80 103
54
55
56
57 66
58 75 86 105
59
60 85 108 92
61
62 96 76
63 94 109
64 95
65 97 95
66 72
67
68
69
70 101
71 98
72 97
73 93
74
75
76
77
78 111
79 82
80
81 96
82
83 106 93
84
85
86
87
88
89
90
91
92
93
94
95
96 102
97 98
98 110
99
100
101
102
103
104
105 110
106
107
108
109
110
111
