#.\graphGenerator.py 148
# GMT Thu Apr 13 12:14:33 2023
# 
0 144 127
1 133 66
2 32 136
3 56 13 134
4 38 137
5 6 87 84
6
7 28 147
8 15 84
9 36 84
10 58 111 34
11 64 129
12 44 98 80 53
13 109
14 101 37
15
16 101
17 146 113
18 106
19 61
20 104 105
21 76 35
22 116 100 103
23 119 75 99 76
24 45 144
25 145
26 83 144
27 43 71
28 82 93
29 133
30 81 128
31 122 136
32
33 62 73
34 39
35 102 65
36
37 128 41 74
38
39 127
40 117 122
41 137
42 140 71 93
43 88
44
45 114
46 131
47 137
48 120 70
49 97
50 116
51 102
52 113
53 84
54 89
55 73
56 59
57 92 101
58
59
60 118 138
61 105
62 136
63 89 95 130
64
65 71
66 86 121 85
67 83
68 115
69 98
70 84 100
71 131 132
72 97
73 105 85 125
74 80
75 78 141 125
76
77 103
78
79 140
80
81
82 96
83 97
84
85 126
86
87
88 145
89
90 115 139
91 113
92
93
94 143
95 138
96
97
98
99 113
100
101 127
102
103 122
104
105
106 107
107 140
108 129
109
110 145
111
112 146
113 123
114
115 135
116
117
118 134
119
120
121 130
122
123
124 146
125
126
127
128
129 136
130
131
132 139
133 143
134
135
136
137
138
139
140
141
142 144
143
144
145
146
147
