#.\graphGenerator.py 158
# GMT Thu Apr 13 12:25:48 2023
# 
0 117 47 157
1 49 16
2 11 63 145
3 79
4 139 104
5 88
6 35 73 99
7 95 26
8 156
9 111 22 26 37
10 107 89 81 124
11 55
12 102 74
13 113
14 157
15 44 149
16 85
17 118 75 91
18 76
19 73
20 90 112 156
21 92 52
22 115
23 106 143
24 93 73
25 94 53
26 148
27 54 78
28 102
29 103 60
30 85 34
31 59
32 79
33 84
34 116
35
36 39 81
37 44
38 121
39
40 59 88
41 129
42 100 142 153 122 128
43 96
44 123
45 96 59
46 124 148
47 97
48 113
49
50 97
51 133 73
52 143
53 71 114 63
54
55
56 138 72
57 80
58 86
59
60 135 94
61 69
62 92
63 120
64 79 155 133
65 98 80 89
66 76
67 112
68 138
69 154
70 72
71
72 123
73
74 125 109 121
75 121
76 101
77 113
78 119 130
79
80 141
81 127
82 106
83 152 139
84 116 122
85
86 92
87 93
88 108 126 110
89
90
91 136
92
93
94 129 154
95 146
96 137
97 151 128
98
99 147 127
100
101 150
102
103
104 122
105 116
106
107
108
109 143
110 156
111
112
113 156
114 131 136
115
116
117
118 132
119
120
121
122
123
124
125
126
127 144
128
129
130 133
131
132
133
134 136
135
136
137
138
139
140 146
141 150
142
143
144
145 157
146
147
148
149 156
150
151
152 156
153
154
155
156
157
