#.\graphGenerator.py 103
# GMT Thu Apr 13 12:10:20 2023
# 
0 40 94 68
1 26 55
2 51 93 46
3 59 53
4 34 18 66
5 93
6 89 24
7 46
8 15
9 100 53
10 82 88 99
11 45
12 47 18
13 98 56
14 77
15 39 77
16 67 68
17 25 96 61
18
19 64
20 99
21 81 75
22 80 83
23 66
24 55 102
25
26 45 78
27 61
28 94
29 46 36
30 82
31 58 63
32 99
33 40
34 52
35 61
36 63
37 74
38 89
39
40 65
41 66 55
42 83
43 66
44 65
45
46
47 86
48 97
49 57 92
50 77 54 71
51
52
53 96
54 91
55
56 100
57
58 64
59
60 101
61 63 88
62 75 73
63
64
65 72
66
67
68 83 89
69 84 94
70 96
71 85 74
72 76 79
73 102
74 97 102
75 92 95
76
77
78
79
80
81
82
83 99
84 101
85
86
87 90 93
88
89
90
91
92
93
94
95
96
97
98
99
100
101
102
