#.\graphGenerator.py 143
# GMT Tue Apr 18 08:29:19 2023
# 
0 34 140
1 73
2 125
3 129 42
4 54 67
5 112 115 13 61 9
6 54
7 82 38 85
8 123 60
9 20 138 46
10 91 100 85
11 36 139 104
12 76 56
13 32
14 33 95 78
15 25 18
16 71
17 56
18 34
19 123
20 72
21 59 49
22 93 135 142
23 94
24 79
25 137
26 75
27 46 39 29
28 88 103
29 60 136
30 97 38
31 49 141 102
32 117
33 106
34 57
35 105 52
36 114
37 122
38 80 110
39 74
40 44 65 130 64
41 90 123
42 135
43 47
44
45 66 58
46
47 102 74
48 62 141
49
50 56 133
51 108
52 63 73 96 135
53 88
54
55 86 70
56 122
57
58 109 119
59
60
61 121
62 103
63
64 109
65
66
67 105
68 101
69 82
70 75
71 139
72
73
74
75 87
76 113 132
77 124 95
78 79
79 128
80 127
81 83 131 94
82
83
84 88
85 142
86
87 116 137
88
89 121
90 101
91
92 106
93
94 130
95
96
97
98 133 110
99 126
100 136
101 126
102 120
103 107
104 123
105
106
107
108 113
109
110
111 141
112
113
114
115
116 134
117
118 137
119 139
120
121
122
123
124 125
125
126
127
128 136
129
130
131
132
133
134
135
136
137
138
139
140 141
141
142
