#.\graphGenerator.py 83
# GMT Mon Apr 17 23:33:53 2023
# 
0 35
1 75
2 7 75
3 36 58 50
4 24 41
5 78
6 75
7 62 70
8 74 25
9 48
10 59 15
11 77
12 55 50
13 54 63
14 56
15 27
16 22 47
17 42
18 66
19 39
20 57
21 81 30
22 63
23 60 42 25 79
24
25
26 35 56 79 28
27 40
28 49 72 76
29 70
30 59
31 37 60
32 69 47 72
33 52
34 39
35
36
37
38 69
39 45 71
40 58
41 44
42 67 73
43 63
44 58
45
46 66
47
48 52 55
49
50 82
51 76 59
52 53 71 80
53
54
55
56 75
57 81
58 65
59
60
61 73
62
63 66
64 73
65
66 78
67
68 77 74
69
70
71
72
73
74
75
76
77
78
79
80
81
82
