#.\graphGenerator.py 141
# GMT Thu Apr 13 12:13:38 2023
# 
0 13 85
1 94
2 9 32 4
3 5 115 45 42
4 67 80 46
5
6 40
7 72 129 139
8 47 76
9
10 25
11 16 45
12 48
13 90
14 134 111
15 18 23
16 65
17 133 44
18 75
19 48 82
20 110 140
21 125 113
22 114 136 38
23 33 92 106
24 89 47
25 92
26 122 56 96
27 101 39
28 86 62
29 72
30 55
31 130
32
33 104 93
34 121
35 39
36 58 128
37 103
38 98
39 59 53
40 78 133
41 45
42 90
43 61
44 74 59
45 71
46 87 65
47
48
49 120 93
50 131 83
51 96
52 78
53 56
54 62 91 139 83
55 75
56 112
57 87
58 99 85
59
60 81
61 134
62
63 136
64 83 79
65
66 81 111
67
68 95 96
69 128
70 107
71 84
72
73 77 84
74
75 105
76 92
77 130
78
79 140
80
81
82 122
83 128
84 100
85 94 126 118
86
87
88 106 110
89 98
90
91
92
93 109
94
95
96 128
97 137
98 103
99 117
100
101
102 119 133
103 123
104
105
106
107 124 114
108 112
109
110 113
111 133
112 127
113
114 121
115
116 125
117
118 138
119
120 135
121
122
123
124
125 132
126
127
128
129
130
131
132
133
134
135
136
137 139
138
139
140
