#.\graphGenerator.py 88
# GMT Thu Apr 13 12:07:04 2023
# 
0 23 61
1 7
2 55
3 35
4 20 46 35
5 75 48
6 40 41
7 72
8 48
9 82
10 71
11 49 47
12 81 31
13 80 75
14 41
15 68 78
16 61 48 78
17 34
18 71
19 48
20
21 73
22 54
23 36 59
24 39
25 72
26 76 42 74
27 51 78 34
28 52
29 31 87
30 41 59
31 32 74
32
33 34
34 44 50 64
35 69 86 63
36 66
37 78
38 54 60
39 81
40 70
41
42 72 62 85
43 64 58
44
45 75
46 60 73 83
47 71 53
48
49
50
51 67
52 73
53 79 84 68
54
55 59
56 72
57 66
58 62
59
60
61
62
63 85
64
65 75
66
67
68
69
70 77
71
72
73
74
75
76
77
78
79
80 82
81
82
83
84
85
86
87
