#.\graphGenerator.py 196
# GMT Thu Apr 13 12:33:07 2023
# 
0 53 164
1 73 13
2 114 188
3 154
4 148
5 7 21 28
6 176
7 117
8 163
9 124 191
10 49 29 164 56 185
11 163
12 76 172 25
13 77 144
14 149 191 189
15 98 155
16 192 165
17 183 188
18 91 184
19 102 105
20 148
21 71 166 180 135
22 36 179
23 70 161 55
24 62 106 47
25 121 187
26 129 192
27 108
28 36
29 109
30 39 102
31 79 128
32 146
33 101
34 58
35 148
36 162 47
37 168 128
38 110
39 46 115
40 130 169 188 116
41 42 176 141
42 151
43 78
44 180
45 119 52
46
47
48 80 106
49
50 162
51 180
52 57 127 115
53
54 117
55 137
56 88
57
58 143
59 194
60 86 168
61 78 96
62 90
63 188
64 69 140 169
65 193 100
66 171 186
67 182 124
68 131 190
69
70 83
71 152
72 144
73
74 113
75 161
76
77 123 189
78
79 95
80 113 87
81 167
82 100 137
83
84 170
85 98
86 156
87 143
88 146
89 108 140
90
91
92 128 137 195
93 132
94 175
95
96 192
97 142
98 141
99 185 153
100 116
101 184
102
103 150
104 105
105 185
106
107 181 155
108 132 158
109
110 111
111 182
112 141
113
114
115 139
116 165
117
118 142 119
119 173
120 152
121 147
122 188
123
124
125 134 133
126 139
127 148
128 157
129
130
131 167
132 154
133 152
134
135 177
136 159 163 146
137 153
138 149
139
140 184
141
142
143 175
144 190
145 159
146
147
148 178
149
150 175
151
152
153
154
155 195
156
157
158
159
160 174 190 177
161
162
163 170 194
164
165
166
167
168
169
170
171
172
173
174
175
176
177
178
179 185
180
181
182
183
184 187
185
186 189
187
188
189
190
191
192
193
194
195
