#.\graphGenerator.py 137
# GMT Tue Apr 18 01:18:08 2023
# 
0 75
1 51
2 100 68
3 18 47
4 87 70
5 29 49 38
6 130 41
7 50 108
8 63 121 109
9 12
10 16
11 110 22
12 54 22 113
13 76 86
14 46 51 96 67
15 48 36 70
16 110
17 27 73 97 91
18 53
19 34 36
20 69 126
21 107 68
22 37
23 90 62
24 104 85
25 123 127
26 60 80 92 116 136
27
28 108
29 74
30 47 37
31 58 124 107
32 77
33 112
34
35 134 97
36 61
37 43
38 93 105 101
39 65
40 94 136
41 72 95 56
42 59 72
43 109
44 45 59
45 70
46
47
48
49 120
50
51
52 114 124
53 65 129
54
55 116
56 71 64
57 90
58
59
60
61 81 115
62 115
63
64 75 91 116
65
66 105
67 99
68 128 92
69
70 118
71
72
73 89
74
75
76
77 99 130
78 84
79 133 94
80
81
82 114
83 119 95
84 102
85 106
86 99
87
88 133
89 126
90
91
92 103
93
94 132
95
96
97 101
98 116
99
100 127
101 113
102 128
103
104
105
106 135
107
108 115
109
110 111 112
111 122
112 131 135
113
114
115
116
117 134
118
119
120
121
122 125
123
124
125
126
127
128
129
130
131
132
133
134
135
136
