#.\graphGenerator.py 151
# GMT Thu Apr 13 12:15:11 2023
# 
0 117
1 85 91
2 17 87
3 127
4 108
5 64 91 130
6 138
7 144 126
8 88 118
9 28 27
10 36
11 36 13
12 25 34 143 49
13 23 15
14 35
15 43
16 53 116 57
17 104
18 93 121 45
19 30 95
20 82 45
21 116
22 121
23 80
24 82
25
26 119
27 111
28 133
29 50 136 84
30 132
31 67 92
32 83 87
33 41 147 59
34
35 115
36
37 106 126 48
38 68 83
39 112 91
40 69 150
41 47
42 109 148
43 101 111
44 81 94
45 76 70 75 56
46 59
47 57
48 122
49 61 92 128
50
51 124
52 60 134 75
53
54 137
55 69
56 101
57 86
58 134
59 140 70
60 108
61 139
62 132
63 95 150
64 71
65 101
66 125 139
67
68 145
69
70
71
72 118 92
73 145
74 101
75
76 128
77 117 112
78 80
79 121
80
81 113 148
82 142
83 130
84 110 127 86
85 89
86
87 131 134
88
89
90 100 122
91
92 123
93
94 119 120 104
95
96 132
97 141
98 116
99 146
100 115
101
102 134
103 107 110
104
105 120
106
107
108
109 114
110
111 129
112 122
113 138
114
115
116
117
118
119
120
121
122
123 141
124 145
125
126
127 137
128
129 135
130
131 149
132 135
133
134
135
136
137
138 146
139
140
141
142
143
144
145
146
147
148
149
150
