#
# GMT Tue Jan 10 12:19:12 2023
# 
0 168 325
1 114 250 312
2 4
3 144 220
4 223 231 36 272
5 336
6 194 64
7 9
8 46 313
9 68 292 245 342
10 49
11 216
12 113
13 246 91 268
14 59 132
15 320
16 130 140 150 246
17 26 160
18 70 237 124
19 307
20 202
21 45
22 195 253
23 83 234 235 162
24 31
25 116
26 147
27 200
28 74 203
29 272
30 53 155
31 65 325 172 156
32 189
33 167
34 93
35 63 318
36 185 260
37 49 134
38 270 319
39 190 307 162
40 157
41 175
42 242 333
43 344 325
44 152 227 324 139
45 254 99 120
46 57
47 234
48 177 55
49
50 81
51 104
52 72 177
53 89
54 93
55 73 262
56 118 85
57
58 283
59 256
60 200 272
61 146 181
62 206
63 284
64 135
65
66 327 113
67 293
68
69 84 262
70 213 266
71 174 270
72 123
73 79 238 293
74
75 182 104 348
76 203 161
77 82
78 170 340
79
80 299 306 171
81 294 332 144
82 98
83
84
85 153 236
86 233
87 126
88 297
89
90 96 165 224
91 184 126 303
92 244
93 232 172
94 153
95 142
96 279
97 290
98 134
99 163 346
100 209 218
101 312 237
102 308
103 277 240 310
104 243
105 347 203
106 330
107 154
108 297 329
109 143 219 339 147
110 277
111 335
112 310
113 253 329
114
115 267 313
116 171 338 348 255
117 210
118 131
119 238
120 176 229 335 349
121 134 318
122 268 195
123
124 285 313 291
125 189 199
126 178
127 331 147
128 278 233
129 309
130
131
132 322 226
133 230
134 218
135 287 173 296
136 199 241
137 288
138 279
139 177
140
141 302
142 162
143
144 187 337
145 298
146
147 205
148 166
149 170
150
151 167
152 198 221
153
154 340
155 329 255 172
156 193 233 328
157 243
158 185
159 216 291
160 334 337
161 202
162 261 227
163
164 265
165 304
166 170
167 326 302
168
169 327
170
171 188
172
173 202
174 183
175 233
176
177
178 210
179 281
180 271
181 347
182 215
183
184
185 249
186 296 324
187
188
189 328
190
191 211
192 253
193
194
195 258
196 197
197 230
198
199
200
201 260
202
203 309
204 308 245
205
206 263
207 274
208 319 330 291
209 271
210
211 335
212 251 341
213
214 268
215
216 273 262
217 348
218 259
219 281
220 311 343 344
221
222 240
223
224 316
225 272
226 334
227
228 324
229 283
230 253
231
232
233
234
235
236 313
237 342
238
239 305 276
240 336
241 349
242
243
244 291
245 316
246
247 291
248 345 338
249
250
251 318
252 340 266
253
254
255
256
257 327
258 295
259 282
260
261 290
262 265
263 321
264 313
265
266
267
268
269 301
270
271 302
272 320 279
273
274 299
275 304
276 294
277
278
279
280 293
281
282
283
284
285
286 295
287
288 346
289 341 304
290
291 338
292
293
294
295
296 315
297
298 349
299
300 329
301 332
302 314
303
304
305
306
307
308
309
310 345
311
312
313
314 323
315
316
317 339
318 321
319
320
321
322
323
324
325
326
327
328
329 333
330
331
332
333
334
335
336
337
338
339
340
341
342
343
344
345
346
347
348
349
