#.\graphGenerator.py 94
# GMT Thu Apr 13 12:07:24 2023
# 
0 31 22 1
1 10
2 92 88
3 58
4 5 42
5 38 57 7
6 47 77
7 66 88
8 18 41 89
9 21
10 92
11 62 58
12 82
13 60 23
14 84 64
15 65
16 93
17 70 73
18
19 43 28
20 86
21 67
22 65 50 81
23 50
24 90 45 56
25 63 30
26 93
27 67 30 33
28 77 92
29 71 89
30 54
31 61
32 44 91
33 59 81
34 51
35 52
36 66
37 77
38
39 51 75
40 41
41
42 83 86
43 78
44
45 86
46 81
47
48 55 90
49 56 70
50
51
52 91 79
53 63
54 87
55
56
57
58 73
59 89
60 80
61
62 72
63
64 91
65
66
67
68 78
69 82
70
71
72
73 93
74 79
75 78
76 78
77
78 82
79 85 82
80
81
82
83
84
85
86
87
88
89
90
91
92
93
