#.\graphGenerator.py 187
# GMT Thu Apr 13 12:31:56 2023
# 
0 76 60
1 166 3
2 6
3 115 156
4 160 115
5 104 129 19
6 93 102 63
7 183
8 116
9 183 18
10 164
11 59 56
12 163
13 126 118
14 62 88 38 79
15 176
16 45
17 120 139
18 61
19 20 124
20 66
21 31 169 129
22 45
23 54
24 85 124 42
25 52 134 37
26 83 103 117 174 106
27 48 156
28 107 159
29 96
30 37 123
31
32 84 40
33 97
34 149
35 89 154
36 71 79
37
38 149
39 41 115
40 92 53
41
42 61
43 80 175 60
44 89
45 130 171
46 79 158
47 86 161 137
48 68 51
49 111 95 123
50 154 178 79
51 128 165 113
52
53 185 100
54 164 95
55 92
56 77
57 172 159
58 72 148
59 157
60 108 135
61 168 122 134
62
63 94
64 155 147
65 133 182 184 156
66
67 77 76
68 69
69 116
70 148
71 119 123
72
73 88
74 132 138 179 159
75 100
76 143 177
77
78 105
79
80
81 150
82 139
83
84 139 106
85 159
86
87 164
88
89
90 161
91 129
92 131 99 158
93
94 112 108
95
96 111
97 184
98 146 115
99 145 153
100 125 146
101 176
102 141
103
104 135
105 127 180 122
106
107
108 150
109 144 130
110 182
111 162
112
113 148 171
114 156
115
116
117
118 130
119 167
120
121 159
122
123
124
125 152
126
127
128
129
130 151
131
132
133
134
135
136 148
137 177
138
139 170
140 164
141
142 165
143
144
145
146
147 157
148 163
149
150
151 173
152
153
154
155
156 186
157
158
159
160
161
162
163
164
165
166
167
168
169 181
170
171
172
173
174
175
176 184
177
178
179
180
181
182
183
184
185
186
