#.\graphGenerator.py 122
# GMT Thu Apr 13 12:11:55 2023
# 
0 63
1 63 6
2 34 121
3 115 110
4 117
5 27 15
6 44
7 61
8 118
9 74 82
10 86
11 64 100 98
12 15
13 58 105
14 41 78
15 102
16 28 55
17 32
18 45 87
19 110 118
20 21 47 59
21 109
22 55
23 43 72 25
24 96
25 39
26 65 115
27
28 91
29 92
30 37
31 33 104 39
32 49 87 77
33 102
34 85 101
35 39 47
36 52
37 71 40
38 114 59 84
39 56 57 103
40 99
41 95 66
42 79
43 67
44 113 103
45
46 99 58
47
48 119 61
49
50 117 84
51 77
52 88
53 73
54 116 76
55 102
56
57
58
59
60 98 76
61 113
62 76 101
63 75
64 70
65
66 86
67
68 105
69 93
70 90
71
72 82
73 100
74 96
75 118
76
77 98
78 81 91
79 106 80
80 117
81
82
83 86
84 89
85 93 94 105
86 108
87
88 98
89 92
90
91 107
92 100
93
94
95
96
97 103
98
99
100
101
102 112
103
104 120
105
106 111
107
108
109
110
111
112
113
114
115
116
117
118
119
120
121
