#.\graphGenerator.py 108
# GMT Thu Apr 13 12:10:46 2023
# 
0 105 60
1 6 8
2 60 19
3 20 73 82 54 38
4 81
5 56 15
6 55
7 50 44 19 67
8 68 58
9 41 53 93
10 51 79 86
11 78 94 44
12 49 45
13 58 63
14 95 66
15 20
16 75
17 74
18 80
19 72 92
20
21 40 23
22 89 38
23 36
24 27 85 105
25 86
26 61 46
27
28 87 100
29 34
30 55
31 62 65 89
32 67
33 100
34 68
35 62
36 97
37 46 101
38 63
39 83
40 52
41
42 75 77 71 66
43 69 100 67 96
44
45 73
46 59
47 74 80
48 97 83 54
49
50
51
52
53
54 76
55
56
57 90 63 77
58
59
60
61
62
63 101
64 99
65
66 107
67
68
69 98
70 106
71 102
72
73
74 96
75
76
77
78
79
80 83
81 106
82
83 88
84 93
85 104
86 102
87
88 91
89
90
91
92
93 107
94
95
96
97
98 99
99
100
101
102 106
103 105
104
105
106
107
