#.\graphGenerator.py 97
# GMT Thu Apr 13 12:07:40 2023
# 
0 78 41
1 45 43 21 37
2 74
3 86
4 66 8
5 66
6 82
7 82 9
8 14 30
9 49
10 65 86 74 62
11 40 55 69 79
12 79
13 25 49 47
14
15 35 88 92 62 85
16 83 32
17 94 70
18 91 63
19 80
20 34
21 33 90
22 60 80
23 26
24 87 32
25
26 77 84 70
27 80
28 53 90
29 82
30 61 96
31 47 87
32 81
33
34 76 84
35
36 71 43
37 47
38 64 79 61
39 90
40
41 58
42 64
43
44 69
45
46 64
47
48 68 72
49 50 52 51
50
51 80
52
53
54 71
55
56 96
57 67 73
58 70
59 64
60
61
62
63 73
64
65
66 70
67
68
69 81
70
71 75
72 94
73 87
74 93
75
76 95
77
78
79
80
81
82
83 89
84
85 87
86
87
88
89
90
91
92
93
94
95
96
