#.\graphGenerator.py 119
# GMT Thu Apr 13 12:11:37 2023
# 
0 1
1 69
2 86 20
3 15
4 92 52
5 55 91
6 78
7 14
8 45 77
9 87 42 111
10 84
11 113
12 36
13 71 113
14 90
15 62 105
16 117
17 51 58
18 59 45
19 50 71
20 30
21 100 25
22 45
23 37 84
24 108 34
25 87
26 102 70
27 49 109
28 94
29 44 118
30 94
31 85 104 118
32 56 80
33 41 82
34 83
35 40 63 82
36 47
37 106
38 67
39 58
40
41 60
42 80
43 76
44 115
45
46 52
47 85
48 101 97 49
49
50
51 76
52 66 70
53 116
54 113
55 88 111
56
57 84 91
58 91
59 70 113
60
61 74
62
63
64 67
65 82 97
66
67 95 93
68 73 89 87
69 117
70
71 96 99 93
72 98 95
73
74 83 106
75 84
76
77 106
78 91 115
79 117 111
80 110
81 105 98
82
83
84
85
86
87
88
89
90 103
91
92
93
94 113
95
96
97 116
98 114
99
100
101
102
103 107
104
105 109
106
107 114
108
109 112
110
111
112
113
114
115
116
117
118
