#.\graphGenerator.py 79
# GMT Thu Apr 13 12:06:29 2023
# 
0 49
1 17
2 35
3 42 46
4 43
5 70 71 76 14
6 43 56 54 61
7 62 24 78
8 29 68 24
9 66
10 50
11 27
12 19 54
13 41
14 36
15 67 28
16 21 57
17 58 68
18 66
19
20 48
21
22 28 27
23 73 75 40 69
24
25 68
26 27 68
27 53 65 31 33
28
29 49 61
30 55
31 66
32 60 45
33 52 69
34 72 37
35 51 74
36 74 59
37 46 39 75
38 70
39 47
40 45
41 44 46
42
43 55
44
45 77
46
47 63
48 70
49
50 64 60
51
52
53
54 57
55
56
57 59
58
59
60
61
62
63
64
65
66
67
68
69
70
71
72
73
74
75
76
77
78
