#.\graphGenerator.py 139
# GMT Thu Apr 13 12:13:30 2023
# 
0 60 90 11 105
1 17 33
2 16 36
3 108
4 50 62 131
5 50
6 84
7 35
8 48
9 110 45
10 85
11 45
12 93 117
13 72
14 131 49
15 92 121 125
16 46 19 126
17
18 107
19 67 103
20 61 130 22 23
21 72
22 51 38
23 119 138
24 108 74 77
25 43
26 58 97
27 41
28 110
29 124 119
30 113
31 66 47 109
32 108
33 53
34 129 95 78 118
35 91
36 99
37 64 117
38 77
39 53 100
40 59 87 63 74
41 67
42 97 105
43 69
44 58
45
46
47 113
48 79
49 84
50
51 68
52 100
53 115 84 137
54 135 78
55 130
56 107 122
57 135
58
59
60
61
62 73 99
63 76 89 118
64 133
65 136
66
67
68 91
69 123 72
70 112 97
71 72 138
72 111
73 114
74
75 93
76
77
78
79 137
80 114
81 100 104
82 96
83 106 85
84 85
85
86 134 109
87
88 132
89
90
91 125
92
93
94 136
95 116
96 135
97
98 127 133
99
100
101 109 124
102 108
103
104 113
105 128
106
107
108
109
110
111
112
113
114 122
115
116 117
117
118
119
120 137
121
122
123 128
124
125
126
127
128 132
129
130
131
132
133
134
135
136 138
137
138
