#.\graphGenerator.py 159
# GMT Thu Apr 13 12:25:50 2023
# 
0 143
1 84 53
2 48
3 116 4
4 77 147 124
5 15 151
6 46 109 76 111
7 25 110
8 156
9 103
10 34 71 98
11 120 111
12 104
13 122 135 97 116
14 24 28
15 105
16 156
17 30
18 28
19 148 88
20 47 25
21 32 78
22 63
23 52
24 145
25 134 68 157
26 32
27 96
28 45
29 36
30 154 101
31 141 107
32
33 51 117
34 114
35 40 111 147
36 152
37 146
38 82 87
39 138
40 131
41 113
42 85
43 124
44 65 112 72
45 72
46 69
47 115
48 62 145
49 127
50 94 142 51
51 85
52 124 73
53 141
54 121
55 86 145
56 68
57 138
58 101 96
59 100
60 129 88
61 89 70
62
63 111
64 112
65
66 80 97
67 137
68 139 98
69
70 99 107
71 117
72 137 144
73 156 110 89
74 151
75 119 104
76 87
77
78 138
79 127
80 104 106
81 132 100
82
83 133
84
85 100
86 92
87 146 155
88 102
89
90 118 94
91 124
92 151
93 153
94 123 138
95 120
96 113
97
98
99
100 130
101
102 121
103 147
104
105
106 150
107 158
108 143 150
109 133 144
110
111
112
113 146
114
115
116 149
117 125
118
119 126
120
121 152 131
122
123
124
125
126
127 128 138
128
129
130
131
132
133
134
135
136 147
137
138
139
140 143
141
142
143
144
145
146 153
147
148
149
150
151
152
153
154
155
156
157
158
