#.\graphGenerator.py 105
# GMT Thu Apr 13 12:10:29 2023
# 
0 97
1 67 70
2 40 81
3 55 94
4 39
5 98
6 85 74
7 59 98
8 57 102 88
9 74 41
10 23 94 27
11 50 41
12 77 91
13 24
14 35 83
15 37 41 30
16 28 91
17 49 85
18 86 93
19 51 92 44 60
20 99
21 82 54
22 24
23 48 73
24 87 100 54 80
25 30
26 96
27 31
28
29 38 74
30 60 55
31 82
32 53 55
33 55
34 98 57
35
36 80 96
37
38
39 48
40
41 81
42 78 50
43 97
44 76 84 70
45 47 72
46 75 93
47 52
48
49
50
51 63
52 103
53 65
54 101
55 83
56 95
57 62
58 103
59
60
61 68
62
63
64 88 71
65 66
66
67
68 82
69 95 98
70 97 72
71 101
72
73
74 99
75 79
76
77 96
78 93
79
80
81
82
83
84
85 89
86
87
88
89
90 93
91 104
92
93
94
95
96
97
98
99
100
101
102
103
104
