#.\graphGenerator.py 113
# GMT Thu Apr 13 12:11:12 2023
# 
0 40 86
1 110 106
2 69 70 15
3 6
4 34 66 89
5 37
6 33 37 53
7 19 52
8 9 105
9 60 98
10 87 41
11 76 32
12 110
13 56 33
14 15
15 24
16 74 37
17 80 28
18 85 25 40
19
20 57
21 46
22 80
23 43
24 94
25 81
26 73 82 102
27 64
28 55
29 48
30 57
31 96
32 60
33
34 95
35 105 63
36 81
37 46 89 106
38 61 104
39 90
40 49
41 67
42 45
43 92 53 50
44 88 71 74
45 107
46
47 81
48 77 108 94
49
50 64
51 57
52 95
53 83 79
54 84 96
55 105
56
57 70
58 78
59 98
60
61
62 68
63 102
64 112
65 83
66 107
67 81
68 109
69 100
70 99
71 101
72 98
73
74 97
75 104 105
76
77
78 111
79 96
80
81 109
82
83
84
85
86 106
87
88
89
90 105
91 106
92
93 100
94 109
95
96
97
98
99 111
100
101
102 108
103 108
104
105
106
107
108
109
110
111
112
