#.\graphGenerator.py 89
# GMT Thu Apr 13 12:07:10 2023
# 
0 10
1 87
2 34
3 51 24
4 37 47 49 40
5 61 48
6 76
7 55 86
8 51
9 41 29
10 74 12
11 74
12 58
13 45
14 80 83
15 50 79
16 76 88
17 87 76
18 79
19 60
20 58
21 86 72
22 59 71
23 88
24 56
25 46
26 38 56
27 86
28 68 33 31 71
29 49
30 82 88
31 34 40
32 45
33 85
34 53
35 71
36 76
37
38 39
39
40
41 42
42 58 72
43 52
44 73 80
45 75
46 69
47 63
48 78
49
50
51
52 65
53
54 79
55 84
56 66
57 84
58 77
59
60 65 69
61
62 70 85
63
64 79 75
65
66 84
67 83 76
68
69 77
70
71 73
72 78
73
74 81
75 81
76
77
78
79
80
81
82
83
84
85
86
87
88
