#.\graphGenerator.py 135
# GMT Thu Apr 13 12:12:52 2023
# 
0 90 11
1 77 62 129
2 97 99 10
3 65 128
4 8 88
5 128 76 74
6 58
7 96
8
9 48
10 132
11 16
12 69
13 132 18
14 71 105
15 113
16 48 24
17 91 58
18 19 29 127
19 112 125
20 89 31
21 24 101
22 47
23 89
24
25 26
26 87 121 75 127 134
27 129
28 39
29 55 126
30 56 80 126
31 73
32 100 110
33 81 85 112
34 57 40
35 49 78 105
36 115 123
37 81
38 96 106
39 83
40 70
41 65
42 58 114
43 82 110 123 97
44 112
45 123
46 61 48
47 92 105 98
48
49 108
50 95 107 133 76
51 58
52 74 99
53 96
54 82
55
56 88
57 114
58
59 62
60 131 117
61
62 79
63 113 117
64 104
65
66 74
67 102 90
68 76
69 119
70 111
71
72 81
73 75
74 119
75 118 122 124
76
77
78 83
79
80 130
81
82
83 104 116 117
84 124
85
86 98 130
87
88
89
90
91
92 93
93
94 129 111
95
96
97
98
99 101
100
101
102
103 117
104
105
106 117
107
108
109 116
110
111 117
112
113
114
115
116 120
117
118
119
120
121
122
123
124
125
126
127
128
129
130
131
132
133
134
