#.\graphGenerator.py 85
# GMT Thu Apr 13 12:06:55 2023
# 
0 62
1 56
2 46
3 74 63
4 32 67 73 18
5 10 38 29
6 27 21 70 9
7 84
8 59 37 16
9 12 34
10 31
11 36
12 41
13 19
14 55 33 62 77
15 56 52
16 54
17 25 80
18 79
19 28 48 66 37
20 36
21 78
22 80
23 24 57
24 43 26 83
25 45
26 60
27
28 51
29 76 33
30 35 57
31
32 64
33
34 42 60
35
36 77
37
38
39 47 78
40 45
41 82
42
43 69
44 60
45
46 79 68
47
48 61
49 77 57
50 57
51
52 80
53 57 66
54 84
55 58
56
57 71
58
59
60
61
62 81
63 66
64
65 79
66
67
68 76
69
70 80
71 72
72
73
74
75 78
76
77
78
79
80
81
82
83
84
