#.\graphGenerator.py 150
# GMT Thu Apr 13 12:07:58 2023
# 
0 42
1 53 78 123 126
2 81 5 24 117
3 102 135 66
4 137
5 140
6 120
7 118 119
8 71
9 36 71 104 121 26
10 99
11 117
12 94 131
13 95 49 93 81
14 54 116
15 112 21
16 35
17 76 40
18 48
19 103 88
20 61 73 55 113
21 131
22 66
23 133
24 113 147
25 92
26 128 130 87
27 38
28 34 137
29 138
30 96 66
31 60 74 119 78
32 50
33 88 106
34
35 97
36
37 83 148
38 133 136
39 127
40 108 116 146 42
41 50 83
42 83
43 92 95
44 95
45 123
46 111 104
47 107 100
48 83
49 80 132 136
50
51 122 129
52 64 90 139 55
53 58 98
54
55
56 62
57 136
58
59 85 105
60
61
62 73
63 144 72
64
65 145 85
66 100 68
67 95
68 86 104
69 73
70 106 82
71
72 141
73
74
75 124
76 124
77 110
78
79 148 149
80
81
82 125
83
84 98
85 143
86 134
87 137
88
89 148
90
91 141 129
92
93 99 137
94
95
96
97 142 103
98
99
100
101 145
102
103 126
104
105 124
106
107
108 110
109 129
110
111
112
113
114 131 149
115 136
116
117 146
118
119
120 136
121 138
122
123
124
125 127 141
126
127
128
129 143
130
131
132
133
134
135
136
137
138
139
140
141
142
143
144
145
146
147
148
149
