#.\graphGenerator.py 129
# GMT Thu Apr 13 12:12:28 2023
# 
0 74 98
1 91
2 77 15
3 31 123 91
4 75 9 20 127
5 12
6 85 70
7 80 16
8 58 55
9 35 55
10 122
11 95 114
12 94 37
13 73 116 34
14 102
15 118
16 35
17 70
18 63 98
19 87 76 108
20 104 124 84
21 89 100
22 55
23 113 120 73
24 119
25 105 51
26 48 41 109
27 61 119 44
28 79 95
29 97 118
30 119
31 103
32 126
33 117
34 50
35
36 42 49
37 51
38 82
39 55
40 66 117
41 46 127
42 62
43 97
44 125
45 121
46
47 54
48 108
49 66
50 95
51 76
52 106 116
53 88 92 96
54 93 96 62
55
56 101
57 88
58 115
59 103
60 81 64
61
62 121
63
64 109 106
65 91
66
67 111
68 82
69 107
70 102
71 89
72 78 98
73
74
75
76
77 111
78 117
79
80
81
82 99 121
83 93
84 98
85 91
86 101 100
87 100
88
89
90 118
91
92
93
94
95
96
97
98 102 126
99 110
100
101
102
103
104
105
106
107 108
108
109
110
111 122
112 117
113
114 128
115
116
117
118 124
119
120
121
122
123
124
125 126
126
127
128
