#.\graphGenerator.py 147
# GMT Thu Apr 13 12:14:49 2023
# 
0 19
1 144 38 104
2 4 12
3 68 132 22 136
4
5 141 73
6 123 41
7 47 80 137
8 26 12
9 97
10 44 126 114 73
11 131
12 21 23 65 126
13 21
14 83 102 132
15 27 112 124
16 59
17 18 97 38
18
19 69 64 91
20 142 48 22
21
22
23 45
24 84 68
25 111
26
27
28 118 122
29 122
30 76
31 72 48
32 108
33 133 128
34 135 79 59
35 130
36 111 115
37 61 58
38
39 49
40 41 128 131 43
41 121
42 93 54
43 117
44
45
46 57 107
47 105
48 107 106 56
49 110 64
50 119 68
51 55
52 143
53 102
54 115 78
55 108
56 143 122
57
58 81
59 137 97
60 67 103 125 88
61 87 71
62 129
63 128
64
65
66 73 113 115
67
68
69 82
70 94
71 108
72
73
74 97
75 130 78
76 110
77 132
78 90 127 79
79
80 92
81 115
82
83
84
85 92
86 90
87
88 101 145 120
89 100 120 122
90
91 92
92
93
94 98
95 142
96 127
97
98 126
99 116 123
100
101
102
103
104 129
105
106 140
107
108 134
109 130
110 138
111
112
113 117
114 139
115
116
117
118
119
120
121
122
123
124 132
125
126
127
128
129 146
130
131 136
132
133
134
135
136
137
138
139
140
141
142
143
144
145
146
