#.\graphGenerator.py 136
# GMT Thu Apr 13 12:12:59 2023
# 
0 124
1 117 85
2 65 135
3 133
4 22 6 48
5 100 14
6 130
7 90
8 82 86
9 43 45 109 87
10 106
11 76 53
12 54 96 53
13 66 19
14 79 59 35
15 70
16 38 98
17 102
18 48 24
19 126
20 31
21 43
22
23 122 95
24 47 62
25 80 35 30
26 94 36
27 87 125 133
28 129
29 58 120 129
30 62 41
31 99 102 49
32 118 67
33 37
34 98 80
35
36 50
37 74 75
38 57
39 124 49 56 135
40 93 45
41 65
42 60 71
43
44 103 53
45
46 108 61 111
47 64
48 123
49 77
50 126 69
51 81 88 95 83
52 70 113
53 134 122
54 72
55 63 128 106
56 83
57
58 101
59 110
60
61 90
62
63 107
64
65 68
66
67 126
68 111
69 84
70
71 96
72 97
73 105 103
74 91 84
75 132
76
77 133
78 126
79
80
81
82 113
83
84
85 116
86 126
87
88
89 114 92 94
90 112
91
92 116
93
94
95 129
96 131
97
98
99
100
101
102
103 132
104 112
105
106 116
107
108
109
110
111
112
113
114
115 122
116
117
118
119 127
120
121 123
122
123
124 127
125
126
127
128
129
130
131
132
133
134
135
