#.\graphGenerator.py 142
# GMT Tue Apr 18 07:46:00 2023
# 
0 8
1 8
2 78 29
3 73
4 37 131
5 128 118
6 61 131 22
7 46 71 125 107
8 62
9 36
10 72 52 135
11 42
12 41 111
13 117 64
14 114 106
15 58
16 53 77 121
17 139 25
18 77
19 29
20 73
21 141
22 91
23 46
24 43 34
25 85 42
26 126
27 50 91
28 113 120
29 94
30 100 137
31 104 42
32 52
33 116
34 87 111 76 120
35 112 97
36 57 90
37
38 39 126 44
39
40 80 125
41
42 59
43
44 93
45 105
46
47 80
48 66 137 115
49 94 116 64 54
50 88 102
51 82 138
52 92
53
54 69
55 98
56 137
57 59
58 124 97
59
60 116
61
62 141
63 110 123
64 83
65 101 96 105
66
67 129
68 105
69 141
70 120 86
71
72 93
73 134
74 134
75 99
76 135 90
77 123
78
79 89 100
80
81 136 128
82
83 134
84 123
85
86 96
87
88
89 129
90 138
91 98
92 99
93
94
95 133
96
97 99
98 133
99
100
101
102 119
103 116
104
105 134
106 116
107 139
108 137
109 122
110
111
112 133
113 130
114
115 127
116
117
118 133
119 132
120
121 137
122 137
123
124
125
126
127 136
128
129
130 140
131
132
133
134
135
136
137
138
139
140
141
