#.\graphGenerator.py 198
# GMT Thu Apr 13 12:33:36 2023
# 
0 51
1 113 140 197
2 170
3 54
4 61
5 46 30
6 187
7 196 114
8 179
9 144 160 71
10 51 116 154 193
11 105 75 148
12 14 48 161 139
13 178 140
14 191
15 65
16 90 77
17 26
18 33 123
19 182 103
20 64 33
21 173 126
22 129 70 42
23 86 104 71 83
24 133 45
25 80 141
26 189
27 113
28 114
29 103
30 111 174 84 177
31 176
32 56 131 39
33 190
34 44 76 81 53 63
35 38
36 79
37 115 155
38 82 170 56
39 152 141 48
40 149
41 172 134
42 52 72
43 47
44
45 192 131
46
47 143 65
48
49 69
50 159
51
52
53 177
54 121 62
55 144
56
57 180 167
58 139
59 71
60 95 178
61 85 114
62 147
63 140
64
65 119
66 134 181 100 81
67 167 93
68 138 158 147
69 147
70 193
71
72 96 151 190
73 79 146 153
74 130 189
75 187
76
77 121
78 155
79
80 166
81 125
82
83 188 170
84 189
85
86
87 104
88 121
89 117 94
90
91 150
92 172
93 171 176 161
94 106 179 159
95 112 118
96
97 127
98 99 168 117
99 136
100 185
101 120 164 121
102 117
103 135 110
104
105
106 157
107 130
108 153 182
109 111
110 150 119
111
112
113
114 167
115 142
116
117
118 183
119 163 185
120
121
122 153
123 130
124 172
125
126 155
127 165
128 155
129
130
131
132 184
133
134
135 186 194
136
137 182
138
139 193
140
141
142 149
143
144
145 174
146
147 163
148 162
149 159
150
151
152
153
154
155 183
156 186
157
158
159
160
161
162 195 173
163
164
165 191
166
167 169 175
168
169
170
171
172
173
174
175
176
177
178
179
180
181
182
183
184 187
185
186
187
188
189
190
191
192
193
194
195
196
197
