#
# GMT Tue Jan 10 12:17:56 2023
# 
0 35 72
1 12 37 13
2 92
3 39
4 24 96 67 87
5 58
6 40 84 54 98
7 98 81
8 87
9 14
10 46
11 42 93
12 29 49
13 89 65 99
14 98
15 87
16 19 37
17 34
18 54
19 32
20 69 86
21 36
22 50
23 79
24
25 53 28
26 90 30
27 52 74
28 96
29 63
30 62
31 80 47
32 85
33 35
34 36
35 48
36 50 37
37 62
38 45
39 85
40
41 59 97
42 86
43 75 83
44 47 79
45 88
46 96
47
48 91 81
49 61 58
50
51 74 87
52
53
54 76 55
55 64 92
56 60 66
57 73
58 87
59
60 94
61 88
62
63 77
64
65 93
66 68 67
67 78 73
68
69
70 94
71 79
72 85
73 79
74 95
75
76
77
78
79 97
80
81
82 88
83 97
84
85
86
87
88
89
90
91
92
93
94
95
96
97
98
99
