#.\graphGenerator.py 181
# GMT Thu Apr 13 12:30:08 2023
# 
0 117 43
1 142 168
2 37
3 160 82 114
4 76 11
5 106
6 16 153 46
7 85 133 108
8 36 12
9 67 145
10 93
11 43
12 166 155
13 62 84 69 61 59 144
14 139 66
15 93 115 112 136
16
17 80 53 31
18 65 154
19 97
20 44 22
21 165
22 131 155
23 40 57 146 180
24 78 138 167 28 126
25 81 139
26 49
27 120
28 179
29 151 118
30 32
31 174 118 168
32 48 38 171 99
33 101 137 95
34 83
35 40
36
37 55 147 100 176
38 90
39 83 133
40
41 68 75
42 137
43 144 100
44 173
45 170
46 74 152 111 59
47 174
48 75
49 153
50 122
51 66 72 71 109
52 158 163
53 136
54 141 104
55
56 93
57 110 156
58 135
59
60 170
61 148
62
63 132
64 130
65 107
66
67 140
68
69 108
70 163 114
71 132 86
72 123 165
73 128
74
75
76
77 177 119
78
79 157 119 89
80
81
82 175
83 143
84 134
85
86 170
87 120
88 95 103 146
89 180
90
91 127 160
92 163
93
94 114 151
95
96 129
97 102
98 176
99 122
100 161
101
102 107
103 122
104 161
105 167
106 115
107
108
109 154
110
111 169
112 124
113 128 119
114 135
115
116 173
117
118
119
120 134
121 137
122
123
124
125 164 173
126 144
127
128 149 178
129 162 160
130 132
131
132
133
134
135
136
137
138
139
140 168
141
142 154
143
144
145 159 179
146
147
148
149
150 180
151
152
153
154
155 171
156
157
158
159
160
161
162
163
164
165
166
167
168
169
170
171
172 177
173 176
174
175
176
177
178
179
180
