#.\graphGenerator.py 134
# GMT Thu Apr 13 12:12:49 2023
# 
0 63 126
1 74
2 4
3 27 11 84
4 34 13 99
5 61 57
6 19 25
7 47 44
8 53 105
9 74 21
10 73
11 117
12 65
13 55
14 67
15 63
16 125 110
17 58
18 120 70 22
19 86 96 89
20 60 31
21 25
22 54
23 45
24 116 133
25 75
26 94 97
27
28 109 68 103
29 115 34
30 64
31 81 93
32 95
33 92 37
34
35 61
36 104 64
37 121
38 77
39 102
40 102
41 103 77
42 84 61
43 78
44 62 46
45 87
46 94
47
48 52
49 61
50 101 123 54 62
51 100 72
52 81
53
54 106 78
55 110
56 73 82 86
57 65
58 118 83
59 129
60
61 99
62
63
64 95 97
65 75 78
66 122
67 88 71
68 114
69 132 97
70 124
71 83
72 97
73
74
75 85 90 76
76 102
77 107 124
78 111
79 131 92
80 113 84
81 112
82
83 111
84 126 128
85
86
87 106
88 121
89 119
90
91 133
92
93 108
94
95
96
97 133
98 130 119
99
100
101
102
103
104
105 129
106
107
108 122
109
110
111
112
113
114
115
116
117
118
119 129
120
121
122 127
123
124
125
126
127 129
128
129
130
131
132
133
