#.\graphGenerator.py 155
# GMT Thu Apr 13 12:16:04 2023
# 
0 145
1 48
2 12 95 11
3 34 84 147
4 46
5 96 62
6 143 99
7 133 64
8 151
9 129 86
10 43 11 75
11
12
13 99 18 88
14 29 62 84
15 114 115 111
16 40 110 31
17 131 146
18 39 65
19 44 37 136 123
20 140 82
21 64 138 60 120
22 151 142
23 46
24 100
25 134 72
26 122
27 132
28 100 83
29
30 81 38
31 141 92
32 124 112
33 103 111 108
34 89
35 88 153
36 125
37 51 137 152
38 49
39
40
41 152
42 101 66
43
44
45 132 138
46 49 96
47 96
48 50 51
49
50
51
52 105
53 141
54 107 119
55 87 120 154
56 104 99
57 153
58 98
59 100
60 128
61 105 128
62
63 87
64 145
65 142
66 92
67 126 142
68 76 112
69 147 71
70 145
71 130 82 110
72 73
73 97
74 129
75 94 81
76
77 79 87
78 93
79
80 90 133
81
82
83 142
84 97
85 106 99
86 106
87 98
88
89 121
90
91 122
92 142
93 153 136
94
95
96 117
97
98
99 122 125
100
101 144
102 139
103
104
105 135
106
107
108 109
109 138
110
111
112 146
113 121
114
115
116 135
117
118 148 149 144
119 144
120
121
122
123 139 135
124
125
126
127 145
128
129
130
131
132
133
134
135
136
137
138 150
139
140
141
142
143 146
144
145
146
147
148
149
150
151
152
153
154
