#.\graphGenerator.py 82
# GMT Thu Apr 13 12:06:36 2023
# 
0 60 67 20
1 17 8
2 11 52 79 38
3 42 14
4 29
5 54 53 38
6 50 8
7 32 31 41
8 61 66 21 34
9 71 75 48
10 25 55
11
12 80
13 34 16
14 73
15 59 38
16 78
17
18 55 49
19 70
20 40 33
21 38
22 46 47
23 64
24 65
25
26 47
27 35 55
28 51
29 45 77
30 59
31 39
32
33 46
34
35
36 66
37 68 45
38
39
40
41 70
42
43 72
44 53
45 74
46 58 80
47 53
48 49
49 72 67
50
51 73
52 77
53
54 76
55
56 69 81
57 80
58
59
60
61
62 64
63 73 65
64 65 67
65
66
67
68
69 70 78
70
71
72
73
74
75
76
77
78
79
80
81
