#.\graphGenerator.py 189
# GMT Thu Apr 13 12:32:06 2023
# 
0 59
1 18 97
2 78 170
3 70 109 183 77
4 33 106 15
5 158 25
6 139 116
7 91
8 161 158
9 170 49
10 53
11 148 38
12 46 60 16 37 175 42
13 48
14 137
15 31 61
16 151
17 103
18
19 111 117
20 183
21 56
22 23 58 71 168 177
23 156
24 110 28
25 119 132
26 126
27 48 187
28 147 92 36
29 157 63
30 70
31
32 86 136
33
34 68 43
35 77 76
36 84 172
37 63
38 101
39 116
40 128 116
41 113
42 95
43 76
44 154
45 57
46
47 89 108
48 115 56
49 149 54
50 142
51 97 138
52 57 103 140 170
53 183
54 123 108
55 107
56 114
57
58 122
59 82
60 94
61 120
62 125 85
63 65 80
64 106
65
66 69
67 100 97
68
69 95
70
71 90 120 132
72 86
73 174 186
74 128
75 157
76 166
77
78
79 143 180 101
80
81 185 82
82 169 88 136 177
83 164 98 96 162
84 184
85 155
86 150
87 166
88 173
89
90
91 139
92 186
93 140
94
95 136
96 102 138
97 101
98 179
99 118 160 186
100 121
101 153
102
103
104 179
105 148
106
107 108 158
108
109
110
111 124
112 141
113 176 167
114 182
115
116 174
117 141 159 175
118
119 142
120 171
121
122 178
123
124
125
126 142
127 137
128
129 137 186
130 138
131 170
132
133 157
134 188
135 166 160
136
137
138
139
140 145
141
142 181
143
144 161
145 167
146 150
147
148
149
150
151
152 170
153
154 178
155 173
156
157
158 162
159
160
161
162 163
163
164
165 187 185
166
167
168 172
169
170
171
172
173
174
175
176
177 188
178
179
180
181
182
183
184
185
186
187
188
