#.\graphGenerator.py 130
# GMT Thu Apr 13 12:12:32 2023
# 
0 43 67
1 6 33
2 97 51 67
3 37
4 11 33 56
5 108 120 85
6
7 94
8 84 124 72
9 61 128
10 47 105
11
12 37 26
13 38 102 22
14 25
15 59 126 17
16 51
17 58 69
18 98 29
19 119
20 52 22 49
21 79
22 117
23 34 116 118 54
24 36
25 36
26 31
27 121
28 106 83
29 31 70
30 77 68
31 49
32 110 71
33
34
35 77
36 103 84
37 89
38
39 110
40 57
41 93
42 45
43 73 80
44 102
45 57
46 82 52
47
48 95
49 55
50 72 118
51 78 105
52
53 102
54 59
55 88
56 123 80
57 109 101
58
59 101 70
60 121 118
61
62 93
63 94 87
64 101
65 71 114 72
66 81
67 129
68 127
69 78
70
71
72
73
74 106
75 90
76 83 79 88
77 87
78
79 85
80 127
81 91 122 92
82
83
84
85
86 119 95
87
88
89 125
90 119
91
92 107
93 122
94
95 104 105
96 125
97
98
99 112
100 124
101
102
103
104 128
105
106
107 115 118
108
109
110
111 124
112 122
113 125
114
115
116
117
118
119
120
121
122
123
124
125
126
127
128
129
