#.\graphGenerator.py 145
# GMT Tue Apr 18 08:48:42 2023
# 
0 104
1 47 95
2 5 88 117
3 28 14
4 72 14
5
6 22
7 95
8 71
9 58
10 46
11 88
12 62 139 127
13 103 87
14 115 65
15 43
16 51 68
17 40 44
18 79
19 122 85
20 135
21 26 22 80
22 67 123
23 27
24 120 138 55
25 46
26
27 111 72
28 42 90
29 63 104 60
30 81
31 109
32 66
33 113 126
34 45
35 134
36 128
37 47
38 133
39 94 65 73
40 46
41 86 100 93
42 52
43 121 99
44 58
45 132 57
46
47 77 70
48 105
49 110 112
50 71 53 139
51 64
52
53 68
54 91 129
55 80 124
56 122
57 103
58 69 143 68
59 68
60 105 74
61 71
62
63
64
65 81 107
66 78
67
68 75 74
69
70 126
71
72 87
73 82 130
74
75
76 104
77
78 102
79 116
80 136
81
82 97
83 140 98
84 95
85 112
86
87
88 106 131
89 101 102
90
91 134
92 119 134
93 132
94 108
95 129 120
96 102 106
97
98 144
99 112 114
100
101
102 118
103
104 128
105
106
107
108
109 121
110
111
112 137
113
114 144
115
116 130 127 125
117 142
118
119
120
121
122
123 135
124 140
125 144
126
127
128
129
130
131
132
133 136
134
135
136
137 142
138
139 141
140
141
142
143
144
