#
# GMT Tue Jan 10 12:19:05 2023
# 
0 146 2
1 109
2 110 11
3 255
4 30 123
5 66 94
6 272 290
7 50
8 264
9 158 169
10 217 97 202
11 144
12 33
13 26
14 52 279
15 202
16 138
17 42 135 299
18 22
19 78 245 184
20 77
21 251
22 228 239 282
23 167 138
24 274 110
25 193
26 28 189
27 276 86
28
29 79 172 211 224 119
30
31 273 250
32 83
33 142 149 234
34 123 227 251 224
35 73 216 46 49
36 107
37 269
38 285
39 127 109
40 100 152 96
41 240 137
42 145 220
43 138 192 69
44 63 165
45 80 242
46 178 89
47 133
48 235 70
49 286
50 198 94
51 113 265
52
53 121
54 130
55 229
56 246 162
57 261
58 121
59 167
60 155
61 69
62 144
63
64 212 245
65 102
66 171
67 125
68 137 133
69 232 194 169
70 122
71 122 81
72 179
73
74 298
75 102
76 107
77 95
78 170
79
80
81 195
82 151
83 214
84 133 152
85 252 112
86 175
87 148 174 221
88 243 109
89 112 103
90 257
91 277 218
92 129 136
93 99
94 188
95 120
96 161 193 293 291
97 296 140
98 268
99 242 193
100
101 131 246
102 199
103 159
104 114 223 292 254
105 181 271 218
106 215
107 243
108 267 113
109 201 166
110
111 214
112 285
113 143 234
114
115 257 284
116 150
117 136 135
118 281
119 202 250
120 207 141
121 187 292
122
123 219
124 147
125 185 144 235
126 247
127
128 274
129 229
130 185
131 150 231
132 160 283
133
134 155 186
135 205
136 213 166
137
138
139 289 220
140 244 157
141 254 230 212
142
143
144 291
145
146 176
147 152
148
149 270 294 295
150
151 265
152
153 203 160
154 270
155 226
156 197
157 297
158
159 184
160
161
162 233 165
163 195
164 236 282
165 199
166
167
168 186 282
169 260
170 221
171
172
173 259
174
175 241 249
176
177 252
178
179 284 231
180 209 212
181
182 292
183 199
184
185
186
187
188 191 268 285
189 195
190 294
191
192
193
194 283
195 230
196 214
197 285
198 275
199 259
200 273
201
202
203 215 247 255
204 242
205 222 214 282
206 243
207 210
208 218 299
209
210 249
211
212
213
214 261
215
216 260
217
218 288 250
219
220 266
221
222
223
224 262
225 279 298
226
227
228
229
230
231 265
232
233
234 290
235 238
236 278
237 259
238
239
240
241
242
243 248
244 287
245
246
247
248 286
249 259
250 264
251
252
253 271
254
255
256 280 270
257
258 263 295
259
260
261
262 281
263 298
264
265
266
267
268
269 299
270
271
272
273
274
275
276
277
278
279
280
281
282
283
284
285
286
287
288
289
290
291
292
293
294
295
296
297
298
299
