#.\graphGenerator.py 91
# GMT Thu Apr 13 12:07:17 2023
# 
0 23 1
1 63
2 46
3 42 61
4 46 87
5 18
6 59 76
7 30 10
8 87
9 78
10 80 64
11 81 59
12 36
13 55
14 49
15 56 37
16 82 22
17 69 53
18 44
19 50 66
20 51 62 30
21 26 65
22 27 79 67
23 33
24 45 64 58
25 35 39
26
27 29
28 86 51
29
30
31 37
32 60
33 66 78
34 47 48
35 54
36 75 76
37 85 59
38 58
39 70 83
40 80
41 51
42 76
43 65 63 53
44 74
45
46
47
48 73 56
49 71
50
51
52 65
53 60
54
55 84
56
57 72
58 90
59
60 84
61 64
62 87
63
64
65
66
67 88
68 84
69 83
70
71 85
72 76
73 74 88
74
75
76
77 89
78 89
79
80
81
82
83
84 90
85
86
87
88
89
90
