#.\graphGenerator.py 132
# GMT Thu Apr 13 12:12:42 2023
# 
0 46 62
1 71
2 29 99 51
3 78
4 62
5 48 113 100
6 33 53 12
7 22 28
8 28
9 31 71
10 20 19 79
11 36 92 117
12 78
13 14
14 120 114
15 17 72
16 104
17
18 122 86 55
19 109
20
21 101
22 123 59
23 65 73
24 91 114 127
25 54 125
26 120
27 62
28 78 87 110 130 31
29 30 79
30
31 47 43
32 64
33
34 98 40
35 82
36 116
37 91
38 90
39 77 118 68
40 89
41 81
42 118
43 72
44 94 128 106
45 76 68 109
46
47
48 97
49 90
50 118
51 57 69 65
52 98
53
54
55 111
56 90 94
57
58 119
59 61 63
60 62 95 83
61
62 67
63 80 129
64 103
65
66 122
67
68 111
69
70 105
71 103
72 81
73 75 100 121 117
74 84
75 85 89
76 126
77
78
79 105 119
80
81
82 91
83 86
84 94
85
86 96
87
88 127 95
89
90 108
91
92 124
93 124
94 102
95
96
97
98 107
99 106
100
101 104 110
102
103 124
104
105
106
107
108
109
110
111
112 113
113
114
115 126
116
117 125 131
118
119
120
121
122
123
124
125
126
127
128
129
130
131
