#.\graphGenerator.py 188
# GMT Thu Apr 13 12:32:00 2023
# 
0 68 157 110
1 101 39
2 119
3 81 50 88
4 51 56
5 93 25 11
6 125 139
7 113 38 23
8 48 159 174 105
9 155 125
10 88 87 120
11 104
12 82 133 53 51
13 129
14 35 182 56 124
15 73 152 77
16 24 140
17 55
18 179 133
19 33 87
20 64 26
21 117 166
22 71 142
23 84 163 85
24 74
25 106
26 140
27 185
28 69
29 148 32
30 181
31 57
32 43 56
33
34 145 132
35
36 162
37 66 156
38 67
39 123 130
40 77
41 172
42 70
43 135 165
44 183 98
45 176 125
46 102
47 126
48
49 115 108
50 97
51 138
52 119 111
53 112
54 57 154
55 77
56
57
58 65 112
59 167
60 160 177 173 98 79
61 121 85
62 141 186
63 120 187
64
65 175
66 114
67 166
68
69 141
70 145
71
72 117
73
74
75 152
76 104
77 186
78 177
79 105
80 100 136
81
82 86 172
83 144 90
84 134
85 137 143 108
86
87 132
88
89 173
90 110 112
91 102 154
92 157
93 142
94 165
95 140
96 126
97
98
99 113
100 140 170
101
102 147 118 168 169
103 170
104 180
105 185
106 178
107 113
108 127 142
109 163
110 111
111
112 156
113
114
115
116 177
117 153
118 158
119 154
120
121
122 134
123 131
124 164 146
125
126 181
127
128 173
129 186
130 146
131
132 149
133
134
135
136 145
137
138
139 186
140
141
142
143
144
145 151
146 161 184 149
147
148
149
150 185 182
151
152
153
154
155
156 171 180
157
158
159
160 167
161
162 186 169
163
164
165
166
167
168
169
170
171
172
173 181
174
175
176
177
178
179
180
181
182
183
184
185
186
187
