#.\graphGenerator.py 90
# GMT Mon Apr 17 23:42:18 2023
# 
0 6
1 61 12
2 19 11 6
3 62 59
4 84 63
5 53 6 14
6
7 56 48
8 20 30
9 60 63 85
10 29
11 47 34
12 29 25
13 37
14 28 56
15 16 85 31
16
17 24 55
18 50
19 51
20 55
21 48 63
22 68 55
23 58 46
24
25 84
26 30 80 84
27 69
28 83
29 52
30 79
31 86
32 63
33 73
34 39 77
35 74
36 72 61
37 57
38 59
39
40 52
41 74
42 45
43 86 59
44 57 72
45 76 50
46 65 56
47
48
49 67 62
50 59
51
52
53
54 72
55
56
57 73 88
58
59 89
60 87
61
62
63
64 72
65
66 71 69
67
68 70
69 77
70
71
72
73
74 87
75 81
76
77 78
78 82
79
80
81 82
82
83
84
85
86
87
88
89
