#.\graphGenerator.py 77
# GMT Thu Apr 13 12:06:20 2023
# 
0 29 11 31
1 28
2 52 49
3 19 56 72
4 67 75 17
5 17 76
6 35
7 65 76
8 51 41
9 50
10 21
11 18 28
12 13 17
13 39 73
14 66
15 27
16 52
17
18 43
19
20 59 26
21 61
22 72 53
23 70 49 64
24 65
25 47 74 32
26 61 54
27 48
28 58
29 44 55
30 70
31 42
32 58
33 35
34 73
35 74
36 40 48
37 47
38 66
39 53
40 60
41 63 70
42 71
43 68
44
45 50 71 52
46 71
47
48 64 57
49
50
51
52
53
54 57
55
56
57 73
58
59
60
61 69
62 66 76
63
64
65
66
67
68
69
70
71
72
73
74
75
76
