#.\graphGenerator.py 140
# GMT Tue Apr 18 07:41:31 2023
# 
0 15 7 21
1 20 127
2 43
3 5
4 81 135 9
5 103 120
6 59 48
7 131
8 130
9 62
10 106 26
11 67 111
12 25 89
13 25
14 94 33
15
16 29 117
17 127
18 128
19 24 91
20 83 26 130
21 61
22 105
23 138 119
24
25
26 55
27 102 51
28 37
29
30 63
31 52 120 82
32 139
33 46 80 90 40 125 45
34 68
35 57 66 124 75 47
36 98 114 91
37 76
38 115 122 113
39 43
40 113
41 59
42 111
43 50 77 124
44 99 48
45 129
46 74
47 101 117
48 103
49 68
50
51 93
52 96
53 108 135
54 68
55 76
56 80
57
58 78 135
59 63 129 132
60 88 82 114
61 136
62 69 68 86
63 112
64 128
65 104 102
66
67
68 95
69
70 117
71 87 109
72 85 126
73 95
74
75 91
76
77 128
78 123
79 93 132
80 100
81
82
83
84 121
85
86 133
87
88
89 119
90 110
91
92 123
93
94
95 97
96 136
97
98
99
100
101 127
102 105
103
104
105
106
107 119 132
108
109 111 127
110
111
112
113
114 133
115
116 132
117 139
118 125
119
120
121 129
122
123
124
125
126 129
127
128
129
130
131
132
133
134 137
135 137
136
137
138
139
