#.\graphGenerator.py 109
# GMT Thu Apr 13 12:10:51 2023
# 
0 23 91
1 85
2 94
3 20
4 65
5 91
6 38 60 36 20
7 37
8 22 73 9
9 67 52
10 75
11 72
12 19 77
13 61 17 65
14 49
15 24
16 48
17 58 72
18 50 73
19 33
20 29 69
21 56
22 90
23
24 62
25 32 87
26 56 34
27 30 53
28 83
29 47 87
30
31 83
32 91
33 107
34 55
35 74 103
36 85 54 106
37 66 84
38 42
39 82
40 84 55
41 68
42
43 69 78
44 80 82
45 95
46 71
47 53
48 62 104 100
49 103
50 93
51 63
52 75
53
54 68 88
55 79 72
56
57 84
58
59 97
60
61
62 96
63 101 90
64 82 91
65 95 92
66 103
67
68
69
70 92 93
71 80
72 77
73
74 83
75 98 108
76 89
77
78 100 93
79 94 99
80
81 92
82
83 102
84
85
86 97 102
87
88
89 103
90 105
91
92
93
94
95
96
97
98
99
100
101
102
103
104
105
106
107
108
