#.\graphGenerator.py 167
# GMT Thu Apr 13 12:27:38 2023
# 
0 4
1 24 69
2 12 52
3 60 9
4 25
5 33 30 132
6 31 28
7 54 113
8 55
9 40 37
10 117 84
11 89 34
12
13 29
14 39 105 135
15 149
16 76 137 143
17 25 24
18 43
19 87 120
20 51
21 84
22 79
23 129 56 116
24 122
25
26 58
27 109
28 65 124
29 123 130
30 96 101 109 148 70
31
32 59 79
33
34 115
35 127 123
36 42 69 129
37 52 147
38 49 158 159
39 68
40
41 94 103 106
42 119
43 45
44 100 120
45 146 63
46 125 74
47 62 52
48 144
49
50 166
51 71 126
52 80
53 63 56
54
55 82
56 91 66
57 162
58 125
59 120
60 78
61 88 80
62 116
63
64 140 72
65
66 145
67 164 138
68 77
69
70 157
71
72 158
73 86 130 91
74 115
75 148
76
77
78 161
79 155
80 113
81 105
82 112 126 135 92
83 117
84 164
85 102 165 166
86
87 133 115
88
89
90 156
91
92 118 127
93 107 138
94
95 151
96
97 130
98 144 111
99 111 148
100 128
101
102 149 155
103
104 141
105 142
106 118
107
108 151 115
109
110 117
111
112
113
114 150 159
115
116
117
118
119
120
121 124 153 138
122 139 159
123 152 141
124
125 136
126
127
128 154
129
130
131 138
132 136
133
134 165
135
136 163
137
138 163
139
140
141 160
142
143 166
144
145 162
146
147 166
148
149 156
150
151
152
153
154
155
156
157
158
159
160
161
162
163
164
165
166
