#.\graphGenerator.py 96
# GMT Mon Apr 17 12:29:58 2023
# 
0 24 93 76
1 6 48 66
2 49 76 42
3 21 54
4 9 81 80
5 16 85
6
7 67
8 12 76
9
10 66
11 68 25 53
12
13 86 89 53 39
14 26 16
15 89
16 64
17 68
18 70
19 72 39 55
20 58 67
21 47
22 73
23 32 53
24
25 71
26 36 77 46
27 73
28 57
29 43 84 46
30 79 35
31 64
32 82 33
33 87
34 65
35 48
36 51
37 65
38 74
39
40 83
41 55 95
42 92 44
43
44 78
45 94
46 59
47
48 73
49
50 62 75 68
51
52 70 90 57
53
54 94 76
55 67
56 73
57 73
58
59 66
60 88 92
61 78 80
62
63 72
64
65 85
66
67
68
69 93
70
71 85
72
73
74 80
75
76
77
78
79
80 90
81
82
83 94
84
85
86
87
88
89
90
91 94
92
93
94
95
