#.\graphGenerator.py 152
# GMT Thu Apr 13 12:15:15 2023
# 
0 3 108
1 146
2 134 109
3 45 111
4 14 57
5 48
6 10 102
7 16 113
8 55 64 112
9 127
10 26 23
11 83 105 41
12 126
13 128 134
14 135 51
15 65 16
16
17 84 71
18 145
19 118
20 73 99
21 75 89 129
22 69
23 32
24 86 59
25 34 52 137
26
27 82 122 63
28 102 103
29 75
30 67 86
31 142
32 88 46
33 42 53
34
35 121
36 125
37 85 112
38 50
39 49 116 143
40 145 73
41 48 113 98
42
43 141 146
44 80 142 47
45
46 78 118
47 58 132
48
49 90 98
50 140 115
51 81
52
53 98
54 133 59 147 136 114
55
56 135
57 110
58
59
60 80
61 93 124 91
62 66 121
63 74 89
64
65 127
66
67 120
68 71 132
69 117
70 112 108
71
72 109 136
73 79
74
75
76 117
77 143 131
78
79
80 107 130
81 129
82 138
83
84
85
86 97
87 115
88
89
90
91 137
92 123 139 127
93
94 150
95 106 144 114
96 148
97
98
99 121 105
100 118
101 128
102
103 104
104 145
105
106 119 137
107
108 120
109
110 128
111
112 146
113
114 151
115 131
116 149
117 149
118
119
120
121
122 150
123
124
125 150
126 137
127
128
129
130
131 150
132 143
133
134
135
136
137
138
139 148
140
141
142
143
144
145
146
147
148
149
150
151
