#.\graphGenerator.py 92
# GMT Thu Apr 13 12:07:18 2023
# 
0 45
1 19
2 62 51
3 75
4 83 25
5 41
6 44 62
7 78 28 58
8 55 75
9 23 57
10 19 69
11 22 59
12 38 84
13 33 28
14 87
15 63
16 53 70 39 23
17 85
18 80
19 37 84
20 78
21 79 89 25
22
23
24 52
25 86
26 40 47
27 34 32
28 45 42
29 82 80
30 88 83
31 43 81 74
32 61
33
34 35 48 64
35
36 75
37
38
39 73
40
41 88
42 51
43
44 57 60
45
46 58 75
47 91
48
49 63
50 63 54
51
52 67 68
53
54 61
55 77
56 67
57
58 72 86
59 75 91
60 74
61 71
62 87
63
64
65 77
66 77
67 85
68 84
69 80
70
71 88
72
73
74
75 80
76 77
77
78
79
80
81
82
83 90
84
85
86
87
88
89
90
91
