#.\graphGenerator.py 125
# GMT Thu Apr 13 12:12:05 2023
# 
0 43
1 75 88 106
2 75
3 67
4 107
5 109 115
6 55
7 103 41 118 40
8 36 123
9 21 82 98 54 73
10 114
11 119
12 57
13 92 52
14 67 94 20
15 16
16 24 90
17 53 60
18 52
19 80
20 60
21
22 82
23 110
24
25 68
26 81 115 47 59
27 104 121 42
28 40 112
29 31 49
30 52 93
31 70
32 56
33 58
34 107
35 83 91
36 71 60
37 123 96
38 84 49
39 109
40
41 114
42 74
43 75
44 87
45 110
46 101 66
47 89
48 59
49 100 90
50 93 91
51 65 106
52 107
53 61
54 77 66 120 74
55 70
56 117
57 80 113 119
58 68 95 108
59 105 96
60 122
61
62 64 86
63 74
64
65
66
67
68
69 89
70 97 110
71
72 75
73 111
74 119
75
76 106 90
77
78 103
79 84
80
81
82
83
84
85 124
86 123
87 121
88 111
89 112
90 118
91 99 124
92
93
94
95
96 99
97
98
99
100
101
102 103
103
104
105
106
107
108 123
109
110
111
112
113
114
115
116 117 121
117
118
119
120
121
122
123
124
