#.\graphGenerator.py 153
# GMT Thu Apr 13 12:15:36 2023
# 
0 146
1 37 83 5
2 31 39
3 77
4 68 72 121
5 16 108 81
6 50 33
7 106 151
8 125 38
9 136 30
10 73 109
11 87 103 71 33
12 69 72
13 46 105 76
14 131 105
15 127
16
17 139 48
18 28
19 51
20 39 117
21 131
22 33
23 58 111 80
24 81 152
25 135 101 48
26 67 83
27 33 59
28 41 130
29 117 108
30 149 118
31
32 43 67
33
34 42 130
35 94 83
36 66 75
37
38 114 151
39 91
40 142
41 95 74
42
43 134
44 136
45 120 127 100
46 82
47 122 128 126
48 56 106
49 107 97
50
51 52 86 97
52 65
53 83
54 142 119
55 77
56 99
57 119
58
59 74
60 120
61 80 99
62 139
63 132
64 145 74
65
66 112 143
67 97 126
68
69 129
70 116 79
71 89 104 150
72 141
73 93 146 147
74 124 90
75 127
76 100 144 125
77 135
78 150
79 102
80
81
82
83
84 85
85 127
86 92
87
88 109
89
90 121
91 102
92 113
93
94
95
96 150
97
98 144
99
100
101 140
102 119
103
104
105
106
107
108 138
109 128
110 138
111 115
112
113
114
115
116 118 151
117 130
118
119
120
121
122
123 141
124
125
126
127
128
129 132
130
131
132
133 151
134
135
136
137 151
138
139
140
141
142
143
144
145 148
146
147
148
149
150
151
152
