#.\graphGenerator.py 166
# GMT Thu Apr 13 12:27:16 2023
# 
0 109
1 11
2 9
3 22 129 138
4 70 24
5 16
6 149
7 74 65
8 145 160
9 56
10 156
11 29
12 92
13 115
14 137 85
15 29
16 150
17 123
18 145
19 118 27
20 78
21 154 54
22 146
23 51 152
24 101
25 59 148
26 130
27 52 153 158
28 156 116
29 102 139
30 75 152
31 64 89
32 49 80 98
33 48
34 92 129
35 98 38
36 165
37 111 71
38 93 65
39 150
40 48 66
41 92
42 150 144
43 107 118
44 115
45 71 152 161
46 68 156
47 127 91
48 120
49 115
50 128
51 73 134
52
53 101 99 55
54 72 126
55 105 90
56 140 119 109
57 97 126 144 86 132
58 111
59 130
60 140
61 96 150
62 90
63 88 85
64
65 78
66 86
67 73
68 157
69 106 164 79
70
71
72
73
74
75
76 124
77 158
78 153
79 133
80 124
81 130
82 90 94
83 133
84 121 124
85 133 105
86
87 163 128
88
89 158
90 123 91
91
92 128
93
94 161
95 144
96
97
98 108
99 112 114 143
100 134
101
102
103 109 131
104 160
105
106
107 138
108
109 161
110 162
111
112
113 141
114
115
116 120
117 165
118 159 131
119 132
120
121
122 155
123
124
125 136
126
127
128
129
130
131
132
133
134
135 144
136 146
137 151
138
139 161
140
141 148
142 146
143 149 162
144 155
145
146
147 148 161
148
149
150
151
152
153
154
155
156
157
158 165
159 160
160
161
162
163
164
165
