#.\graphGenerator.py 115
# GMT Tue Apr 18 00:21:00 2023
# 
0 90 78
1 70
2 23
3 28 51 44
4 93 13
5 45 64
6 22 17 114
7 44 109
8 35 36 84
9 64
10 64
11 19 85
12 15
13 27
14 23
15 26 47 80 89
16 70 107 111 89
17 55 98 54
18 52
19 63
20 52 94
21 77
22
23 113
24 89 45
25 34 72 30
26
27 56
28 40
29 105 63
30 96 51
31 75 97 74
32 53 74
33 52
34
35
36 42 109
37 39
38 76 82 72
39 100 41
40 67 85
41 65 82
42 86
43 57 89
44 95
45
46 73 62
47
48 84
49 81 53
50 86
51 113
52
53 99
54 108 74
55
56 104 106
57 103 79
58 94 87
59 62
60 64
61 62 102
62 77 92
63 102
64 97
65
66 109
67
68 83 80
69 104
70
71 89
72
73
74
75
76
77
78 84
79 88
80
81
82
83
84 94
85
86
87 88
88
89
90
91 103
92
93
94
95
96
97
98
99
100
101 110 111
102 112
103
104
105
106 112
107
108
109
110
111
112
113
114
