#.\graphGenerator.py 128
# GMT Thu Apr 13 12:12:27 2023
# 
0 39 119
1 104 13
2 51 105
3 59
4 112
5 110
6 64
7 125 60
8 91
9 59
10 95 116 84 76
11 13
12 35 57
13 79
14 29 60 82
15 113 52 75
16 55 24
17 85
18 82 22 23
19 71 87
20 88 26
21 35
22 79
23 107 48
24 49 31 67
25 100 75
26 117
27 35
28 30 45 68
29
30
31 81
32 102
33 45
34 95
35 36
36
37 108
38 103 62 69
39
40 41
41 89 54 92
42 65 115
43 46
44 115 47
45 111
46 76
47 66
48 127
49
50 68 55
51 102
52 122
53 61 100
54 93
55
56 108 63
57 119 78 81
58 97 123
59 112 76 78
60 90
61
62 99 75
63 68
64 96
65
66 67
67 126 79
68
69 118
70 80
71 114
72 83 101 127
73 99
74 116
75
76 85 105
77 94 118
78
79
80 103
81
82
83
84 120
85
86 88
87 112
88
89
90 117
91 104
92 123
93 96 98 110
94
95
96
97
98
99
100 109
101
102
103
104 106
105
106
107
108 121
109
110
111
112
113
114
115
116
117
118 126
119
120
121
122
123 125
124 127
125
126
127
