#.\graphGenerator.py 87
# GMT Thu Apr 13 12:07:01 2023
# 
0 61
1 41 7
2 30 60 9
3 19
4 26 10
5 32 64
6 76 18 14
7 61 84 12
8 53 14
9 65 24 15
10 77
11 28 34
12 70
13 25 86
14 62
15 86
16 45
17 58 54
18 19 66 35
19 37
20 72
21 46 56
22 30
23 51 74
24 33
25
26
27 54 80 38 41
28
29 50
30
31 72
32
33 43 49
34 56
35 85
36 63 72 45
37
38 83
39 45
40 75 77
41 81
42 77
43 55
44 57
45 59 77 51
46
47 80
48 85
49 62
50 68
51
52 82 71
53
54 73 78
55 74
56 60
57 62
58
59
60
61 64
62
63
64 69
65
66
67 84
68 81
69
70 79 72
71 84
72
73
74
75
76
77
78
79
80
81
82
83
84
85
86
