#
# GMT Tue Jan 10 12:18:55 2023
# 
0 38 18
1 233 168
2 5
3 94 70
4 112 137
5 236 136
6 223 90 227
7 245
8 17 25 150
9 159 176
10 119 110
11 166 40 107
12 151 197 135
13 35 18 239
14 202
15 143 160 162
16 219 230 164
17
18 211
19 168 53 63
20 149 66 37
21 69 113
22 117
23 216
24 121 227
25 101
26 129
27 164 89
28 81 244 63
29 204 135 173
30 68
31 51 93
32 70 134
33 184 185
34 171
35 139
36 162
37 132 60
38
39 125 191
40 247
41 207
42 201
43 56 140
44 100 156 242
45 106 119
46 194
47 205 213 240 90
48 173 206
49 193 52
50 92 240
51
52 220 62
53 181
54 127
55 126 87
56
57 176 181
58 99
59 98
60 130
61 116
62 249
63 180 185 136
64 150 110
65 96
66 110
67 219
68 248 80
69 98
70
71 217
72 245 144 121
73 161
74 77
75 165
76 133 97
77 177 209
78 227
79 157
80 117
81
82 101
83 129 130 154
84 224
85 206 133
86 135
87 200
88 205
89 123 195
90
91 199
92
93 140
94 243
95 155
96 221 142
97 140
98 186
99 201
100
101
102 169 121
103 148 167 210
104 146
105 235
106
107 199
108 175
109 118
110
111 209
112 115 145
113 201 202 220
114 142
115
116 224
117 144
118 239
119
120 173
121 214
122 248
123 136
124 226 198
125 222
126
127 232
128 158 147 136
129
130
131 189 164
132 218 239
133
134 159
135 199
136
137 173
138 140 202
139
140 234
141 203 162 197
142 156
143
144 195
145
146 154
147 190 242
148 175
149
150
151
152 237 238 204
153 157 162
154 157
155 206
156
157
158 209
159
160
161 197
162
163 247
164 228
165 206
166 183 235 246
167 196
168
169
170 206
171 187
172 229 233
173
174 194
175
176
177
178 206
179 217 189
180
181
182 197
183
184
185
186 215
187 192 223
188 216 231
189
190
191 227 202
192 225 232
193
194 243
195
196
197 210
198 202
199
200 216
201
202
203
204 208
205
206
207 209
208
209
210
211
212 236
213
214
215
216
217
218
219
220
221
222
223
224 234
225
226
227
228
229
230
231 240
232
233
234
235
236
237
238
239
240
241 249
242
243
244
245
246
247
248
249
