#.\graphGenerator.py 84
# GMT Thu Apr 13 12:06:47 2023
# 
0 18 28
1 27 8
2 57 41
3 69
4 55
5 22
6 31 82 37
7 39 34
8 56
9 34
10 35
11 53 16
12 72 50
13 38 24
14 63 74
15 34
16 48
17 78 73
18 55 81
19 36 53
20 22 54
21 45
22
23 44 79 59
24 33 78
25 74 61
26 80 78
27
28 34
29 64
30 54 60 75
31
32 83
33 75
34 40
35 59 55
36 42 52 76
37 60
38
39
40 56
41 51 53
42
43 46 47 68
44 69
45 71 56
46
47 67
48 64 70
49 50
50 52
51
52
53
54 68
55
56 73 76
57
58 78
59
60
61 67
62 81
63
64
65 80
66 72
67
68
69
70 77
71
72
73
74
75
76
77 83
78
79
80
81
82
83
