#.\graphGenerator.py 146
# GMT Thu Apr 13 12:14:28 2023
# 
0 121 51
1 140
2 102
3 143 17
4 28
5 61
6 122 69 127
7 142 78
8 76
9 61
10 110
11 50
12 59 130 100
13 41 15
14 21 101
15 126 109
16 104
17 26 66
18 125
19 116 97
20 24 64
21
22 84
23 31
24
25 124
26 51
27 45 41
28 88 134
29 132 97
30 143
31 71
32 124
33 121
34 50 116
35 135 85
36 111 62
37 38
38 75 129 49
39 114 53
40 55
41
42 92 133
43 102 47
44 136
45 113 117
46 138
47 71 92
48 62 133
49 70 57
50 68
51 144
52 95
53 119
54 136
55 89
56 93
57 119 81
58 140 102
59
60 100 114
61 138
62 85 139
63 93
64 129
65 102
66 132
67 105 137 120
68
69 81
70 76
71 77
72 86 124 137
73 77
74 113
75
76
77 115
78 123
79 93
80 113
81
82 131 127 124
83 85
84 111
85
86
87 108 141
88 120
89 132
90 128 145
91 106
92
93 95
94 123
95 101 140
96 131
97 119
98 136 106
99 141 104
100 106
101
102
103 113
104 110 139
105
106
107 120
108
109 110
110
111
112 137
113
114
115
116
117
118 131
119
120
121 138
122
123 131
124
125 133
126
127
128
129
130
131
132
133 136
134 145
135
136
137
138
139
140
141
142
143
144
145
