#.\graphGenerator.py 111
# GMT Tue Apr 18 00:13:06 2023
# 
0 89
1 98 75
2 87 45
3 51 52
4 34 97
5 101 105
6 91 57
7 92 109 43
8 23 12
9 79 69 110
10 56 88
11 43
12 37
13 80 97
14 48
15 64
16 90 82
17 77
18 101
19 40
20 93
21 62 71 104 96
22 49 69
23
24 52 101
25 63 36 46
26 84 68
27 100
28 94
29 86 83 50
30 110
31 103 102 55
32 43
33 49
34 35
35
36 85
37 94
38 60
39 84
40 42 49
41 64 93 100 69
42 55 45
43 80
44 59
45
46 81
47 57 101
48 87
49 59 108
50 61
51 95
52
53 54
54 78 82
55
56 81
57 61
58 68
59
60 106
61
62
63
64
65 104
66 75
67 94 98
68 91
69 70
70
71
72 88
73 77 106
74 89 83
75 89
76 97 108
77 88
78
79
80
81
82 107
83
84
85
86 96
87 107
88
89
90
91
92
93
94 106
95
96
97 99
98
99
100
101
102 105
103
104
105
106
107
108
109
110
