#.\graphGenerator.py 107
# GMT Tue Apr 18 00:08:28 2023
# 
0 37 87
1 52 22 54
2 32
3 94 52
4 25
5 43
6 47 70 22
7 54
8 66
9 27
10 64
11 37
12 13 80 59 85
13 61
14 96 50 59
15 97 101 95
16 99 101
17 83 95 57
18 97
19 28
20 99
21 98
22
23 43 64 76 82
24 54 106
25 85 99
26 62 71
27 104 100
28 70
29 42
30 31 84 103 53
31 40
32 41 44 96
33 93 88
34 55 56
35 61
36 95
37 67 92
38 78
39 52
40
41
42 69
43
44 74
45 57
46 106
47
48 94
49 102 76
50 56
51 105 60
52
53 94
54
55 60
56
57 77 91 66
58 80
59 63
60
61 98
62
63 82
64
65 88
66 93
67
68 90 77
69 81 87 70
70
71 78 72
72 99
73 106
74
75 79
76
77
78
79 104
80 100
81
82
83
84 86
85
86
87
88 89 92
89
90
91
92
93
94
95
96
97
98
99
100
101
102
103
104
105
106
