#.\graphGenerator.py 156
# GMT Thu Apr 13 12:25:27 2023
# 
0 51 20 107
1 92 80 138
2 3
3 76 62
4 101 100
5 59 31 155
6 11 102 28 40
7 18
8 155
9 43 125
10 88 114
11
12 95 155
13 139 152 154 81
14 125 113
15 105
16 85 91 84
17 44
18 90 147 70
19 100 46
20 63
21 99
22 58
23 25 54
24 147
25 135 149
26 108 124
27 131 28
28 73
29 66 129 84 109
30 86 100
31 124
32 60 53 120
33 136
34 118
35 139
36 72
37 99
38 72 44
39 57 54
40 127 137 96
41 118
42 64
43 52
44 75 78 112 118
45 61
46 116 124
47 134 77
48 58
49 140 133
50 92
51
52
53 67
54 116
55 148 72
56 64 83
57
58 97 123 122
59
60
61 123
62 117 136 152
63 70
64
65 98
66
67 141 145
68 124
69 130 70
70
71 126 118
72 96
73
74 133
75
76
77 121
78
79 97
80 115
81 123
82 153 155
83 148
84 146
85
86
87 133 148
88 119 104
89 96
90
91 111
92
93 124
94 141
95 132
96
97 142
98 109
99 153
100 121 122
101
102
103 116
104 105 109
105
106 154
107 146
108 120
109
110 117
111
112
113 139
114 143
115
116 143
117
118 125
119
120
121 144 150
122
123
124
125 151
126
127
128 137
129
130
131
132 138
133
134
135
136
137
138
139
140
141
142
143
144
145
146
147
148
149
150
151
152
153
154
155
