#.\graphGenerator.py 123
# GMT Thu Apr 13 12:12:00 2023
# 
0 2 55
1 120
2
3 35 67
4 87 93 45 48
5 110 108 51
6 49 115 122
7 21 9
8 98 30 105
9 120 45
10 68
11 85 106 81 119
12 19
13 112 40
14 90
15 63
16 54 91
17 23 59 105 22
18 65 41 29
19 58
20 27 117 40 115
21
22 47 107 36
23
24 83 60
25 37
26 101
27 75
28 70
29 121
30 46 101
31 71 77
32 57 81
33 69 116
34 94 43
35 73
36 41
37 43 56
38 48 104
39 72 113
40 88 63
41 96
42 65
43 67
44 92
45
46
47
48 100 116
49
50 79 91 119
51 90
52 91
53 103
54
55 104
56 62
57
58 86
59 70
60 122
61 109 96
62 66 68
63 68
64 110
65
66
67 111
68
69
70 76
71
72
73 78
74 80 84
75
76
77 100
78 121
79
80
81 99 90
82 107
83
84 100
85
86 106
87
88
89 112
90
91
92 96
93
94
95 112
96 118 102
97 118
98
99
100
101
102 119
103 107
104 108
105 113
106
107
108
109
110 114
111
112
113
114
115
116
117
118
119
120
121
122
