#.\graphGenerator.py 81
# GMT Mon Apr 17 12:21:08 2023
# 
0 22
1 58
2 76 26
3 47 15 68
4 21 61
5 72
6 80
7 40 24 51
8 39 33
9 55
10 75 12
11 41 13
12 20
13 52 80
14 71 15
15 69
16 37
17 67 61 72 74
18 48 26 66
19 66 41
20 46 62 70
21 50
22 64 29
23 44 67
24 70
25 51 39
26
27 29 49
28 33
29 58
30 76
31 35 73
32 63 36
33 72
34 55
35 54
36 39
37 43 44
38 78 66
39
40
41 77
42 48
43
44
45 55 50
46
47
48 57
49 65 66
50
51
52
53 79
54
55 68
56 63
57
58 74
59 68
60 79 76
61
62
63
64
65
66
67
68
69
70
71
72
73 75
74
75
76
77
78
79
80
