#.\graphGenerator.py 104
# GMT Thu Apr 13 12:10:23 2023
# 
0 7 96
1 8 72 50
2 96 17
3 21 39
4 91 34
5 87 34
6 81 88
7 24
8
9 25 86 93
10 70 48
11 75
12 86
13 95
14 23
15 99 78
16 88 96
17 37 32 78
18 82
19 101 69
20 90
21 63 36
22 102
23 88
24 35
25
26 71 42
27 92 34 41
28 75
29 79
30 35
31 73
32 62
33 42 100 93
34 55 102
35
36 84 78
37 51
38 61 89
39 76 69
40 43 80
41 62
42 60
43
44 93 92
45 79 83
46 52 103
47 50 58
48 75
49 71
50
51 98
52 89
53 94
54 97 86
55
56 69 67
57 95 77
58 75 84
59 65
60
61 67
62
63 68
64 102
65 71
66 83
67 73
68
69
70
71 90
72
73
74 102
75
76
77 96
78
79
80 102
81
82 91
83 92
84
85 94 89
86
87
88
89
90
91
92
93
94
95
96
97
98
99
100
101
102
103
