#.\graphGenerator.py 126
# GMT Thu Apr 13 12:12:09 2023
# 
0 24
1 46 16
2 62 111
3 74 45
4 57 20
5 7 88
6 90 81 78
7 76
8 50 69 109
9 29
10 106
11 26 61 119 97
12 31 25
13 48 58 89 28
14 52 121
15 55 101
16 77 66
17 94
18 120
19 98
20 82 121 122
21 38 114
22 30 94
23 96 103 111
24 84 113 104
25 101 41
26
27 118
28 54 123 47
29 37
30 71 98
31 64
32 79 73
33 60 77
34 53 104 36
35 87
36 112
37 69
38 106
39 120
40 112
41 98
42 66
43 64
44 85 70
45 66
46
47 56 114 125
48
49 58
50
51 69
52 110
53
54
55
56
57 72
58
59 62
60
61 70
62
63 88 79
64 120
65 76
66 107
67 86
68 123
69
70
71 80
72
73 100 97
74 109 116 91
75 78 113
76
77
78
79
80
81 124
82 86
83 87
84 111
85
86
87 125
88
89 122
90
91 112
92 115
93 106
94 117 124
95 99 122
96
97 103
98
99
100 105
101
102 109
103
104
105
106
107 110
108 117
109
110
111
112
113
114 115
115
116
117
118 121
119
120
121
122
123
124
125
