#.\graphGenerator.py 99
# GMT Mon Apr 17 23:49:47 2023
# 
0 49 91
1 88
2 33 86
3 55 31
4 76 71
5 63
6 56 68
7 40 66
8 14 48
9 42
10 44 43
11 80 45 41
12 75 56
13 69
14 64 28
15 22
16 77 29
17 39
18 58 94
19 33
20 62 82
21 70 29
22 62
23 46 31
24 93 97
25 35 45
26 40
27 60 84 50 35
28 71 79 95
29 42
30 66
31 73 91
32 42 38
33 43
34 36 85
35 69
36
37 85
38 54 93
39 52 78 92 85
40
41 67
42 83
43 74
44
45
46
47 52
48 50
49
50
51 66
52 65
53 85
54
55
56
57 87 74
58
59 93
60
61 85 79
62
63 91 96
64 66 94
65
66
67 97
68 86 91
69
70 81
71 82
72 89
73
74
75 90
76
77
78
79
80
81
82 88 89
83 96
84
85
86
87
88
89
90
91
92
93
94
95
96
97 98
98
