#.\graphGenerator.py 110
# GMT Thu Apr 13 12:10:57 2023
# 
0 76 42 74 5 82
1 95
2 50
3 101
4 12
5 40
6 54 28 79
7 22
8 97 32
9 105
10 81
11 92
12 55 26
13 17
14 39 37 100
15 58
16 20
17 69
18 93
19 29 30
20 92 34
21 28
22 86 89
23 98 88
24 65 72 44
25 78 106 80
26 69
27 67 105 87
28 63
29 50
30 42
31 103 63
32 91
33 71
34 85 53
35 58 70 48
36 95 55
37 45 64
38 99
39
40 46
41 87
42 93
43 77 104 74
44 99
45
46 96 79
47 60 88 109
48 75 83
49 51 74
50 52
51
52
53 57 107 63
54 68
55
56 87 85
57
58 66
59 109
60 61
61
62 84 69
63
64
65
66
67 102
68
69 87
70
71 82 98
72
73 107
74
75 89
76
77
78
79 80
80
81 92
82 83
83
84
85
86 99
87
88
89
90 102
91 100 92
92
93 94
94
95
96
97
98
99
100 101
101
102
103 108
104
105
106
107
108
109
