#.\graphGenerator.py 80
# GMT Thu Apr 13 12:06:31 2023
# 
0 28
1 56 46
2 44 52
3 79
4 40 38 29
5 37
6 50 73 39
7 40
8 70
9 24
10 41 59 75 17 25
11 59
12 25 72
13 17
14 46 67 78
15 60
16 47 63 17
17 57
18 52 33
19 37 32
20 64 29
21 45 54 32
22 78 32
23 70 60
24 70
25
26 35 46
27 48 71
28 71 51
29 61
30 47
31 49 56
32 52
33 43
34 62 46
35
36 75
37
38 43
39 63
40
41
42 68 53
43
44 74
45
46
47
48
49 58
50
51 65
52 53
53
54
55 65 57
56
57
58
59
60 61 63
61
62
63
64
65 69
66 76 68
67
68
69
70 77
71
72 79
73
74
75
76
77
78
79
