#.\graphGenerator.py 154
# GMT Thu Apr 13 12:15:42 2023
# 
0 108 79 62
1 17
2 57 59 104 53
3 138
4 97 26
5 41 108
6 118 53 69
7 56 103 131 151 117
8 32 91 18
9 150 131
10 116 29 131
11 72 115 94
12 18 33 129
13 110
14 48 101 42 137
15 148
16 31 70 78 102 86
17 67 134
18
19 111 126
20 22
21 105 123 29
22 147
23 24 89 88 121
24
25 30 131
26 86 149
27 113
28 68 33
29
30
31
32 100
33 69
34 43 108
35 120
36 152 96
37 99 48
38 143 141
39 82
40 71 72
41 76
42 128 146
43
44 105
45 85 124 153
46 84
47 50
48
49 135 103
50 82
51 61
52 97
53
54 102
55 91
56
57
58 94
59 62
60 94 113
61 137 115
62 119
63 109
64 73 125
65 74 133 110 107
66 69
67
68
69
70
71
72
73
74
75 83 127 142
76
77 104
78
79 93
80 133
81 136 89
82 114
83
84 97
85
86 122
87 125 113 96
88 140
89
90 96 117
91 121
92 120
93 126
94 138
95 106 108
96
97 144
98 99
99
100
101
102
103
104 149
105 141
106
107 112
108 109
109
110 130 145
111
112 153
113 142
114 137
115
116 132
117 153
118
119
120 124
121
122
123 148
124
125
126 147
127
128
129 134
130
131
132
133
134 148
135
136
137
138
139 147
140
141
142
143
144
145
146
147
148
149
150
151
152
153
