#
# GMT Tue Jan 10 12:18:44 2023
# 
0 25
1 109
2 32 103 133 4 195
3 33
4 192
5 161 16 74 12 75
6 179 13
7 28
8 146
9 11
10 118 135
11 24 38 177 141
12 37 106 117
13 146 174
14 194 41
15 132 52
16 141
17 35
18 66 76 198
19 121
20 190 195 118
21 95 176
22 181 34
23 187 133
24
25 120 183 41
26 165
27 134
28 148 191 132
29 46 159
30 51
31 50
32
33 127
34 115
35 140
36 172 189
37
38 156
39 105
40 146
41 159 166
42 46
43 53 119
44 109 175 119
45 112 149
46 77
47 193 158
48 123 52 85
49 125 93
50 110
51 58
52 198
53
54 115 108
55 192
56 195
57 58 173
58
59 151
60 124 75 135 85 79
61 81
62 98
63 144
64 146
65 102
66
67 111
68 177
69 107 82 76
70 117
71 162
72 75
73 182
74 152
75 160
76
77
78 147
79 162 186 104
80 168
81 89 129 199
82 178
83 157
84 155 174
85 108
86 162
87 158
88 150
89
90 147 192
91 160
92 157 166 178
93 138 129
94 181
95
96 183
97 169
98 182 105
99 110
100 153 189
101 167
102 143
103
104 199
105 196 118
106 110
107
108 136
109 140
110 130
111 144 117
112
113 153
114 151 150
115
116 195
117 180
118 142
119 189
120 134
121 156
122 171
123
124
125
126 150
127 139 160
128 164 169
129
130
131 171 185 136
132
133
134
135
136
137 154 191
138
139
140
141
142 163
143 176 167 199
144
145 164
146
147
148
149 173
150 160
151
152 174
153
154
155
156
157
158 190
159
160
161
162
163
164
165 181
166
167 184 189
168 169
169 188 178
170 194
171
172
173 187
174
175
176
177
178
179
180
181
182
183
184
185
186
187
188
189
190
191
192 197
193
194
195
196
197
198
199
