#.\graphGenerator.py 171
# GMT Thu Apr 13 12:29:10 2023
# 
0 162 70
1 86 114 157
2 117 5
3 158 26
4 144 10 29
5 165
6 8 135
7 49 100 139 42
8 160
9 138 80
10 85 159
11 77 27
12 63 137 124
13 40 31
14 153 154
15 32 28
16 90 165
17 48 115 161 28
18 73
19 149 105
20 45 109 154
21 66
22 46 84
23 47
24 112
25 27 61 135 125
26 75 66
27
28 54
29 128 50
30 154 36 160
31 168
32 56
33 150 34
34 43 142 97
35 131 156
36 136
37 59 40
38 124
39 104
40
41 67 159
42 57 44 61
43
44 145
45
46 113
47 152 64
48
49
50 119
51 118 89
52 154
53 84
54 98
55 122 76
56 103
57
58 78 127 133 98 87
59
60 124 64
61
62 84 66
63
64 165 95
65 114
66 166
67
68 107 97
69 136
70 112 130 99
71 102 132 122
72 120 119 166 81
73 163
74 107
75 108
76 150
77
78 111
79 124
80 121 117
81 96 141 140
82 157
83 163
84 95
85
86
87 146
88 162
89 167 156
90
91 163 158
92 126
93 110
94 154
95
96 148
97 141
98
99 159
100 134
101 169
102
103
104 167
105 147
106 110
107
108 143
109
110 127
111
112
113
114
115
116 155
117
118
119 164
120
121 156
122
123 125
124
125 170
126 140
127
128
129 142
130
131
132
133
134
135 146
136 140
137
138
139
140
141
142
143
144
145 151
146
147 169
148
149
150
151
152
153
154
155 157
156
157 161
158 168
159
160
161
162
163 169
164
165
166
167
168
169
170
