#.\graphGenerator.py 102
# GMT Mon Apr 17 23:54:06 2023
# 
0 21 5
1 31
2 47 94 17 52
3 100 25
4 41
5 9 78 86
6 65 12
7 82 54
8 74 84
9 16
10 14
11 29 52 101
12 91 76
13 18 36 54
14 44 73
15 41 42
16
17 25
18 26 46
19 40 76 68
20 46
21 77
22 40
23 90 29
24 81 34
25 68
26
27 61 44
28 97
29 92
30 48 58 69 90
31 69
32 92
33 62
34 41
35 39
36 99
37 85
38 88
39 93 58
40 43
41
42 63
43
44
45 62 84
46
47
48
49 71 72
50 59 95 92
51 78
52
53 99
54 67
55 56 59
56
57 82
58
59 72
60 87 89
61
62 64
63 77
64
65 83
66 96 95
67 98 73
68
69 97
70 92
71
72
73 84 91
74 75 79 88
75
76
77
78
79
80 92
81
82
83
84
85 89
86 97
87
88
89 100
90
91
92
93
94
95
96
97
98
99
100
101
