#.\graphGenerator.py 185
# GMT Thu Apr 13 12:31:38 2023
# 
0 71
1 154 8
2 93
3 33
4 48 141
5 23 57 179
6 104 170
7 73
8 28
9 22 136 69
10 62 14 85
11 175 108
12 76
13 59
14 73
15 39
16 110 63
17 76
18 180 19
19 87 21
20 45 37
21 136
22 59
23
24 102
25 115
26 97 182
27 82
28 108 119
29 63
30 52 137 75
31 89 134 93
32 63
33 109
34 171
35 78 158 184
36 100 108
37 63
38 134
39 154
40 71 183 158
41 106 181 67
42 141
43 45
44 102 162
45 159
46 180
47 129
48
49 93 121
50 152 139
51 123 85
52
53 142 143
54 72
55 108
56 74
57 68
58 102
59 109
60 92 142
61 177
62 151 150
63 143 155
64 125 65 128
65 112 167
66 133 73
67 156 99
68 122
69 111 82 155 182 140
70 134
71 99 147
72 174
73
74 88 128
75 102
76 93
77 178
78 160
79 175
80 112
81 94 135
82 120
83 167
84 172 137
85 166
86 172
87 91
88 149
89
90 134
91 146
92
93 130
94 170
95 163 175
96 171 105
97
98 101 106
99
100 179
101
102
103 162 145
104 174 166
105 150
106
107 114 178
108
109
110
111
112
113 124
114
115 141
116 184
117 134
118 148
119 133
120 145
121 169 135
122
123 148 139
124 182
125
126 129 181
127 128 169
128
129
130
131 157 181
132 145
133
134
135 160
136
137 165
138 153
139
140 147
141 160
142
143
144 182
145
146
147
148
149
150
151
152 164
153 168 156
154
155
156 173
157 176 177
158
159 178
160
161 178
162
163
164
165
166
167
168
169
170
171
172
173
174
175
176
177
178
179
180
181
182
183
184
