#.\graphGenerator.py 138
# GMT Tue Apr 18 07:24:34 2023
# 
0 105
1 113 110 112 63 13
2 89 81
3 69 86
4 7
5 65
6 75
7 109 74
8 89
9 64 122 12 60
10 79 100
11 101 104 56
12 93 39
13 68 26
14 88 34
15 88
16 62 116 78
17 32
18 74 120
19 89
20 23 84
21 85 124
22 65
23 72
24 124 123
25 77 136
26 54 52
27 99
28 78
29 51 41
30 71 34 126 31 33
31 86 42
32 79
33 73
34
35 61
36 49
37 133
38 134 42
39 136
40 53 115 127 54
41 69
42 46
43 136
44 96 131 118
45 75
46
47 120 80
48 129 49
49 103
50 53
51
52 121 104
53 97
54
55 75
56 73
57 61
58 89
59 70 106 137
60 90
61 98 74
62
63 130
64
65 106
66 133
67 97
68
69
70
71
72 75
73 84
74
75
76 81 124
77
78 128
79
80 119
81 99
82 132
83 91 135 127
84 90
85 100
86
87 107 137
88
89
90 125
91
92 103 112
93
94 100
95 107
96
97
98
99
100
101
102 113
103
104
105 114 137
106
107 128
108 114
109 111
110 123
111 118
112
113
114 119 117
115
116
117 132 125
118
119
120 133
121
122
123
124
125
126
127
128
129
130
131
132
133
134
135
136
137
