#.\graphGenerator.py 127
# GMT Thu Apr 13 12:12:17 2023
# 
0 77 81
1 79
2 60
3 71
4 122
5 93
6 88 58
7 43 78
8 16
9 91 117 33 43
10 15 28
11 47 82
12 78 21
13 93 70
14 99 85
15 17
16 65 54
17
18 87 61
19 95
20 125 107
21 101 40 126
22 46
23 50 67 71
24 74 93
25 59
26 84 76
27 67
28 94
29 90 48
30 32
31 42 52
32 101
33 72 59
34 115 60
35 81
36 62
37 80 53
38 125
39 43
40 109
41 110 70 49
42 48
43
44 69 101
45 51
46 57 82 83
47 98
48 116
49 60
50
51 96 78
52 108 77
53 119 70
54 67
55 67
56 78
57 103
58 59
59
60 62 111
61 106 97
62
63 118 102
64 123
65 75 83 121
66 89 93
67
68 124 109
69
70
71 100
72
73 100 87
74
75
76 116
77
78 114
79 107 99
80
81 92
82 104
83
84
85 96
86 111
87
88 94 120
89
90
91
92 120
93 112
94
95 122
96
97 119
98
99
100 105
101
102 125
103
104
105
106
107
108
109 122
110
111 124
112
113 125
114
115
116 123
117
118
119
120
121
122
123
124
125
126
