#.\graphGenerator.py 120
# GMT Thu Apr 13 12:11:41 2023
# 
0 88
1 107
2 94 109
3 26 82
4 99
5 46 89 71
6 13 74
7 81
8 12
9 107 90 59
10 39 22
11 83 60
12 77
13
14 27 80
15 95
16 37 62
17 38
18 32 106
19 48 49
20 113 31
21 118
22 86
23 65
24 95 47
25 81 76
26 117
27 61 52
28 86
29 65 113
30 99 88
31 85
32
33 37
34 50
35 51 109 116
36 68
37
38 41
39
40 79 61
41 108 109
42 50 78 84
43 83
44 95
45 87 102 70
46
47 75
48
49 103 119
50
51
52 93 64
53 102
54 69
55 67
56 70
57 96 113
58 112 97
59 80
60 114
61 76 100
62 83
63 77
64 84
65
66 67 68
67 106 80
68 82 85
69 98 82
70 96
71 90
72 95
73 85
74 88
75 93
76
77 88
78 91
79 111
80
81
82
83
84 105 88
85 114
86 92
87
88 115
89
90 116
91
92 94
93
94
95
96
97 111
98 104
99
100
101 103
102
103 114
104 118
105
106
107
108
109
110 113
111
112
113
114
115
116
117
118
119
