#.\graphGenerator.py 106
# GMT Tue Apr 18 00:07:23 2023
# 
0 29
1 44 28
2 87 54
3 80
4 32 90 43
5 64
6 63 52
7 41 78
8 13
9 97 101
10 40
11 35 36
12 14 96
13 75
14
15 38
16 21
17 103
18 68 50
19 37
20 104 77
21 47
22 55 50 73
23 91 84
24 102 49
25 39 40
26 56 74
27 92
28 99 71
29 62 84 61
30 60 68
31 57 36 105
32
33 86
34 42 75
35
36 67
37 47
38 90
39 95 96
40 79 64
41 70 51 53
42
43 88 72 67
44
45 92
46 76
47 87
48 64 92
49 51
50 54
51
52 82
53 103
54
55
56 93 66
57
58 94 87
59 61 75
60
61
62
63
64 98
65 75 99
66 86
67
68
69 86
70 73
71 72
72 100
73
74 77 85
75 80
76 83
77
78 97
79
80
81 95
82 94
83 91
84
85 92
86 89 101
87
88
89
90
91
92 99
93
94
95
96
97
98
99
100
101
102
103
104
105
