#.\graphGenerator.py 195
# GMT Thu Apr 13 12:32:50 2023
# 
0 176 178
1 89 90
2 35
3 52
4 151
5 45 129 50 133
6 55 178 104
7 72 107 42
8 169 113
9 104
10 39 116 132 31
11 186
12 69 47
13 160 81
14 100
15 107
16 24
17 76 166 144
18 60
19 48 162
20 36 41
21 156
22 40
23 169
24 99
25 128
26 193
27 40 158 83
28 64 96
29 52
30 53 123 168
31 111
32 121
33 118
34 94
35 44
36 124 190 191
37 135
38 100
39
40
41 134
42 159 165 89
43 66
44 56 171 85
45
46 65 145 103
47 123
48 189
49 119 85 156
50 154 115
51 146
52 70
53 118 177
54 93 60
55
56
57 108 69
58 83
59 146 83 80
60 162
61 111
62 162
63 170 161
64
65
66 101
67 102 186 78
68 71
69
70 139 137
71 110 143 151
72
73 103 187
74 106 132
75 98 184
76
77 87
78 147 111
79 149 183 81
80 104
81 125
82 173
83
84 186
85
86 133
87 188 92
88 136
89
90 99
91 110
92 194
93
94 124
95 174 151 125
96 175 122
97 105
98
99 115
100 182
101 187
102 185
103 135
104 143
105 192
106 128
107 173
108 182 180
109 116
110 155
111 189
112 128
113 187 183
114 123
115
116
117 120
118
119
120 133
121 146
122 183
123 157
124
125 150 166
126 167
127 175
128
129 172
130 187
131 138
132 164
133 176
134 181 139
135
136 137 168 152
137
138 191
139
140 161 145
141 156 193
142 150
143
144 182
145
146
147
148 181
149
150
151
152 184 194
153 165
154
155
156
157
158
159
160
161
162 167
163 174
164
165
166
167 179 184
168
169
170
171
172
173
174
175 192
176
177
178
179
180 193
181
182
183
184
185
186
187
188
189
190
191
192
193
194
